[MJ2006] J234251.6-032555.5                   |23 42 51.6 -03 25 56         
[MJ2006] J234618.9+092958.9                   |23 46 18.9 +09 29 59         
[MJ2006] J225412.0+160640.1                   |22 54 12.0 +16 06 40         
[MJ2006] J012542.4-000339.7                   |01 25 42.4 -00 03 40         
[MJ2006] J234254.8-032515.8                   |23 42 54.8 -03 25 16         
[MJ2006] J101012.7+413017.5                   |10 10 12.7 +41 30 18         
[TSB2006]  55                                 |12 36 48.189 +62 12 14.98    
[GKJ2003] ATCA J2001-4650                     |20 01 00.0 -46 48 00         
[MJ2006] J171955.8+480628.3                   |17 19 55.8 +48 06 28         
[MJ2006] J002702.7+224025.3                   |00 27 02.7 +22 40 25         
[CSH2002] Lensed G                            |03 02 33.0 +00 06 00         
[MJ2006] J171947.0+480500.3                   |17 19 47.0 +48 05 00         
[MJ2006] J234640.0+093305.5                   |23 46 40.0 +09 33 06         
[MJ2006] J101037.2+413538.2                   |10 10 37.2 +41 35 38         
[MJ2006] J214807.5+065528.2                   |21 48 07.5 +06 55 28         
[MJ2006] J214819.6+065916.3                   |21 48 19.6 +06 59 16         
[MJ2006] J020200.8-113421.0                   |02 02 00.8 -11 34 21         
[MJ2006] J230500.7+030902.3                   |23 05 00.7 +03 09 02         
[MJ2006] J230435.6+030947.2                   |23 04 35.6 +03 09 47         
RBTB J154542.8+591132                         |15 45 42.8 +59 11 32         
[MJ2006] J002720.6+224215.2                   |00 27 20.6 +22 42 15         
[MJ2006] J172000.6+480328.0                   |17 20 00.6 +48 03 28         
[MJ2006] J234636.9+093215.5                   |23 46 36.9 +09 32 16         
[MJ2006] J091939.7+510644.6                   |09 19 39.7 +51 06 45         
[MJ2006] J041717.3-055647.4                   |04 17 17.3 -05 56 47         
[MJ2006] J234625.2+092759.6                   |23 46 25.2 +09 28 00         
[TSB2006]  43                                 |12 36 47.139 +62 12 12.61    
[MJ2006] J092008.1+510633.0                   |09 20 08.1 +51 06 33         
[MJ2006] J100224.1+681617.9                   |10 02 24.1 +68 16 18         
[MJ2006] J002727.3+224333.2                   |00 27 27.3 +22 43 33         
[MJ2006] J234649.1+092908.6                   |23 46 49.1 +09 29 09         
[MJ2006] J171943.1+480553.2                   |17 19 43.1 +48 05 53         
[MJ2006] J214752.4+065458.8                   |21 47 52.4 +06 54 59         
[MJ2006] J092019.3+510858.4                   |09 20 19.3 +51 08 58         
[MJ2006] J041702.9-055108.8                   |04 17 02.9 -05 51 09         
[KMK2013] NGC3521sat                          |11 05 40.7 +00 07 15         
[MJ2006] J234628.4+093218.9                   |23 46 28.4 +09 32 19         
[MJ2006] J234313.8-031936.0                   |23 43 13.8 -03 19 36         
[MJ2006] J092011.0+510843.6                   |09 20 11.0 +51 08 44         
[MJ2006] J041705.8-055053.5                   |04 17 05.8 -05 50 53         
[MJ2006] J041704.1-055032.3                   |04 17 04.1 -05 50 32         
[MJ2006] J101020.6+412920.8                   |10 10 20.6 +41 29 21         
[MJ2006] J234654.4+093023.0                   |23 46 54.4 +09 30 23         
[MJ2006] J100344.9+681627.1                   |10 03 44.9 +68 16 27         
[MJ2006] J012515.5-000502.6                   |01 25 15.5 -00 05 03         
[MJ2006] J041720.1-055639.6                   |04 17 20.1 -05 56 40         
[MJ2006] J012541.8-000314.8                   |01 25 41.8 -00 03 15         
[MJ2006] J020151.3-113436.1                   |02 01 51.3 -11 34 36         
[MJ2006] J214823.1+065659.1                   |21 48 23.1 +06 56 59         
[MJ2006] J041659.6-055334.9                   |04 16 59.6 -05 53 35         
[MJ2006] J041726.4-055104.5                   |04 17 26.4 -05 51 04         
[ISS2013] galaxy                              |08 49 32.9 +02 14 39         
[MJ2006] J012540.9-000936.1                   |01 25 40.9 -00 09 36         
[MJ2006] J091929.1+510537.9                   |09 19 29.1 +51 05 38         
[MJ2006] J041702.6-055605.2                   |04 17 02.6 -05 56 05         
[MJ2006] J230503.1+030902.5                   |23 05 03.1 +03 09 03         
[MJ2006] J101039.2+413024.0                   |10 10 39.2 +41 30 24         
[MJ2006] J225352.3+161010.9                   |22 53 52.3 +16 10 11         
[MJ2006] J101028.4+413356.2                   |10 10 28.4 +41 33 56         
[MJ2006] J234314.6-032013.1                   |23 43 14.6 -03 20 13         
[MJ2006] J234304.0-032245.1                   |23 43 04.0 -03 22 45         
[CVJ2005] For J0332-3557 Lens                 |03 32 59.0 -35 57 51         
[MJ2006] J091940.7+510810.6                   |09 19 40.7 +51 08 11         
[MJ2006] J162015.9+173444.0                   |16 20 15.9 +17 34 44         
[MJ2006] J012547.7-000757.8                   |01 25 47.7 -00 07 58         
[MJ2006] J012526.3-000456.1                   |01 25 26.4 -00 04 56         
[MJ2006] J041701.0-055143.6                   |04 17 01.0 -05 51 44         
[MJ2006] J011024.5-021938.5                   |01 10 24.5 -02 19 39         
[MJ2006] J012539.6-000518.5                   |01 25 39.6 -00 05 18         
[SVR2015] M59-UCD3                            |12 42 11.041 +11 38 41.21    
[MJ2006] J234651.3+093413.1                   |23 46 51.3 +09 34 13         
[MJ2006] J230447.4+030858.4                   |23 04 47.4 +03 08 58         
[MJ2006] J041729.5-055302.4                   |04 17 29.5 -05 53 02         
[MJ2006] J230433.0+030850.9                   |23 04 33.0 +03 08 51         
[MJ2006] J162032.6+173907.4                   |16 20 32.6 +17 39 07         
[MJ2006] J011019.5-022015.2                   |01 10 19.5 -02 20 15         
[MJ2006] J012525.7-000759.5                   |01 25 25.7 -00 08 00         
[MJ2006] J101050.8+413016.5                   |10 10 50.8 +41 30 17         
[MJ2006] J041714.8-055041.5                   |04 17 14.8 -05 50 41         
[MJ2006] J214800.2+065505.4                   |21 48 00.2 +06 55 05         
[TMD2011] Object A                            |21 44 11.970 -39 33 56.42    
[MJ2006] J230449.1+030842.8                   |23 04 49.1 +03 08 43         
[GIL2005] g                                   |11 23 20.0 +01 37 53         
[MJ2006] J171911.1+480241.7                   |17 19 11.1 +48 02 42         
[MJ2006] J101011.3+412954.4                   |10 10 11.3 +41 29 54         
[MJ2006] J020153.3-113614.8                   |02 01 53.3 -11 36 15         
[MJ2006] J225410.1+160631.8                   |22 54 10.1 +16 06 32         
[MJ2006] J101035.4+412857.1                   |10 10 35.4 +41 28 57         
[MJ2006] J091957.3+510421.0                   |09 19 57.3 +51 04 21         
[MJ2006] J100254.4+681001.3                   |10 02 54.4 +68 10 01         
[OIC2004] SDSS J1335+0118 G                   |13 35 34.79 +01 18 05.5      
[MJ2006] J041725.3-055527.8                   |04 17 25.3 -05 55 28         
[MJ2006] J011023.4-021934.8                   |01 10 23.4 -02 19 35         
[MJ2006] J234649.3+093157.4                   |23 46 49.3 +09 31 57         
[MJ2006] J234624.5+092845.4                   |23 46 24.5 +09 28 45         
[SSK2002b] ERO J003707                        |00 37 08.0 +09 09 30         
[MJ2006] J091941.1+510613.4                   |09 19 41.1 +51 06 13         
[MJ2006] J091957.8+510810.7                   |09 19 57.8 +51 08 11         
[MJ2006] J214822.1+065821.8                   |21 48 22.1 +06 58 22         
[MJ2006] J011028.7-022111.5                   |01 10 28.7 -02 21 12         
[MJ2006] J225401.2+160704.2                   |22 54 01.2 +16 07 04         
[MJ2006] J002656.7+224009.3                   |00 26 56.7 +22 40 09         
[MJ2006] J012513.6-000328.4                   |01 25 13.6 -00 03 28         
[MJ2006] J091946.0+510902.7                   |09 19 46.0 +51 09 03         
[MJ2006] J012511.9-000346.9                   |01 25 11.9 -00 03 47         
[MJ2006] J234243.9-032316.7                   |23 42 43.9 -03 23 17         
[MJ2006] J012536.7-000803.2                   |01 25 36.7 -00 08 03         
[MJ2006] J214811.4+065726.4                   |21 48 11.4 +06 57 26         
[MJ2006] J234256.1-032425.6                   |23 42 56.1 -03 24 26         
[MJ2006] J234621.3+092838.8                   |23 46 21.3 +09 28 39         
[MJ2006] J091935.2+510817.3                   |09 19 35.2 +51 08 17         
[MJ2006] J041722.9-055209.7                   |04 17 22.9 -05 52 10         
[MJ2006] J011028.1-021852.4                   |01 10 28.1 -02 18 52         
[MJ2006] J101006.2+413104.5                   |10 10 06.2 +41 31 05         
[MJ2006] J041704.4-055340.9                   |04 17 04.4 -05 53 41         
[MJ2006] J171921.9+480702.9                   |17 19 21.9 +48 07 03         
[MJ2006] J002700.0+224250.7                   |00 27 00.0 +22 42 51         
[PBF2006d] Host Galaxy                        |21 23 27.0 -53 02 02         
[MJ2006] J234624.2+093116.0                   |23 46 24.2 +09 31 16         
[MJ2006] J012540.7-000735.1                   |01 25 40.7 -00 07 35         
[MJ2006] J101018.1+413114.8                   |10 10 18.1 +41 31 15         
[MJ2006] J092010.0+510636.7                   |09 20 10.0 +51 06 37         
[MJ2006] J171917.6+480525.3                   |17 19 17.6 +48 05 25         
[PEI2004] Galaxy                              |11 55 17.3 +63 46 22         
[MJ2006] J225344.9+160732.0                   |22 53 44.9 +16 07 32         
[MJ2006] J041712.4-055123.9                   |04 17 12.4 -05 51 24         
[MJ2006] J234309.2-032345.3                   |23 43 09.2 -03 23 45         
[GMV2015] ASW0009io9                          |02 09 41.27 +00 15 58.4      
[MJ2006] J162009.0+173611.9                   |16 20 09.0 +17 36 12         
[MJ2006] J162035.7+173904.1                   |16 20 35.7 +17 39 04         
[MJ2006] J234652.2+093028.7                   |23 46 52.2 +09 30 29         
[MJ2006] J011023.8-021936.8                   |01 10 23.8 -02 19 37         
[MJ2006] J092013.8+510504.0                   |09 20 13.8 +51 05 04         
[MJ2006] J234303.7-031905.7                   |23 43 03.7 -03 19 06         
[MJ2006] J234650.5+092750.9                   |23 46 50.5 +09 27 51         
[MJ2006] J100354.7+681032.3                   |10 03 54.7 +68 10 32         
[MJ2006] J234631.8+092732.6                   |23 46 31.8 +09 27 33         
[MJ2006] J002728.1+224123.2                   |00 27 28.1 +22 41 23         
[MJ2006] J234648.4+092811.9                   |23 46 48.4 +09 28 12         
[MJ2006] J214818.7+065608.1                   |21 48 18.7 +06 56 08         
[MJ2006] J214800.2+065826.2                   |21 48 00.2 +06 58 26         
[MJ2006] J230431.1+031408.1                   |23 04 31.1 +03 14 08         
[MJ2006] J100334.0+681616.5                   |10 03 34.0 +68 16 16         
[MJ2006] J011014.2-022010.2                   |01 10 14.2 -02 20 10         
[TSC98] Host G                                |19 34 54.0 -52 49 54         
[MJ2006] J234628.7+092946.1                   |23 46 28.8 +09 29 46         
[MJ2006] J214817.4+065618.4                   |21 48 17.4 +06 56 18         
[DBM2003] nearby G                            |08 08 59.867 +06 43 32.24    
[MJ2006] J002701.5+224053.7                   |00 27 01.5 +22 40 54         
[MJ2006] J012516.8-000457.6                   |01 25 16.8 -00 04 58         
[MJ2006] J101031.5+413538.7                   |10 10 31.5 +41 35 39         
[MJ2006] J234259.6-032409.4                   |23 42 59.6 -03 24 09         
[MJ2006] J214806.1+065718.9                   |21 48 06.1 +06 57 19         
[MJ2006] J234630.3+093258.4                   |23 46 30.3 +09 32 58         
[MJ2006] J162018.3+173834.0                   |16 20 18.3 +17 38 34         
[MJ2006] J234622.9+092819.2                   |23 46 22.9 +09 28 19         
[MJ2006] J214756.4+065942.8                   |21 47 56.4 +06 59 43         
[MJ2006] J230431.9+031046.9                   |23 04 31.9 +03 10 47         
[MJ2006] J171929.5+480320.0                   |17 19 29.5 +48 03 20         
[MJ2006] J230450.0+031010.0                   |23 04 50.0 +03 10 10         
[MJ2006] J041713.0-055515.8                   |04 17 13.0 -05 55 16         
[MJ2006] J234257.0-032533.0                   |23 42 57.0 -03 25 33         
[MJ2006] J041714.9-055541.5                   |04 17 14.9 -05 55 41         
[MJ2006] J092009.0+510357.0                   |09 20 09.0 +51 03 57         
[MJ2006] J020205.2-113510.7                   |02 02 05.2 -11 35 11         
[MJ2006] J214755.1+065806.1                   |21 47 55.1 +06 58 06         
[MJ2006] J162029.3+173735.1                   |16 20 29.3 +17 37 35         
[MJ2006] J091931.9+510223.6                   |09 19 31.9 +51 02 24         
[MJ2006] J214750.2+065526.4                   |21 47 50.2 +06 55 26         
[MJ2006] J234245.7-032313.5                   |23 42 45.7 -03 23 14         
[MJ2006] J041716.6-055519.9                   |04 17 16.6 -05 55 20         
[MJ2006] J230442.4+030802.7                   |23 04 42.4 +03 08 03         
[MJ2006] J214802.1+065717.5                   |21 48 02.1 +06 57 17         
[MJ2006] J230436.3+031302.9                   |23 04 36.3 +03 13 03         
[MJ2006] J234312.7-032109.5                   |23 43 12.7 -03 21 10         
[MJ2006] J041711.9-055246.5                   |04 17 11.9 -05 52 46         
[MJ2006] J100336.6+681614.8                   |10 03 36.6 +68 16 15         
[MJ2006] J041728.8-055356.1                   |04 17 28.8 -05 53 56         
[MJ2006] J230428.6+031350.7                   |23 04 28.6 +03 13 51         
[MJ2006] J225354.8+160643.3                   |22 53 54.8 +16 06 43         
[MJ2006] J091956.2+510516.4                   |09 19 56.3 +51 05 17         
[MJ2006] J020146.1-113610.9                   |02 01 46.1 -11 36 11         
[MJ2006] J225414.6+160859.6                   |22 54 14.6 +16 09 00         
[S78f] TDG                                    |12 01 22.1 -19 00 12         
[MJ2006] J214820.2+065835.0                   |21 48 20.2 +06 58 35         
[MJ2006] J214747.3+065826.6                   |21 47 47.3 +06 58 27         
[CZC2013] MACS0647-JD                         |06 47 50.0 +70 14 55         
[MJ2006] J234655.2+093054.6                   |23 46 55.2 +09 30 55         
[MJ2006] J041734.8-055637.5                   |04 17 34.8 -05 56 38         
[MJ2006] J002716.4+223959.6                   |00 27 16.4 +22 40 00         
[MJ2006] J214818.3+065539.6                   |21 48 18.3 +06 55 40         
[MJ2006] J162038.0+173600.8                   |16 20 38.0 +17 36 01         
[MJ2006] J091959.4+510302.7                   |09 19 59.4 +51 03 03         
[MJ2006] J214812.9+070026.2                   |21 48 12.9 +07 00 26         
[MJ2006] J214759.6+065814.0                   |21 47 59.6 +06 58 14         
[MJ2006] J041716.4-055113.6                   |04 17 16.4 -05 51 14         
[SPA2009] GRB 060111B Host G                  |19 05 42.75 +70 22 33.3      
[WHP2001] Gal                                 |20 04 07.06 -13 49 30.8      
[MJ2006] J091942.1+510527.7                   |09 19 42.1 +51 05 28         
[MJ2006] J214820.5+070010.1                   |21 48 20.5 +07 00 10         
[MJ2006] J101013.6+413119.6                   |10 10 13.6 +41 31 20         
[MJ2006] J041703.3-055305.2                   |04 17 03.3 -05 53 05         
[MJ2006] J011026.8-022051.3                   |01 10 26.8 -02 20 51         
[MJ2006] J041729.3-055247.5                   |04 17 29.3 -05 52 47         
[MJ2006] J020148.4-113403.0                   |02 01 48.4 -11 34 03         
[MJ2006] J234619.7+092822.4                   |23 46 19.7 +09 28 22         
[MJ2006] J234631.3+093226.3                   |23 46 31.3 +09 32 26         
[MJ2006] J002711.5+224012.5                   |00 27 11.50 +22 40 12.5      
[MJ2006] J214817.2+065636.8                   |21 48 17.2 +06 56 37         
[MJ2006] J101036.6+413539.4                   |10 10 36.6 +41 35 39         
[MJ2006] J012524.9-000755.2                   |01 25 24.9 -00 07 55         
[CS2001] companion galaxy                     |04 52 30.201 -29 53 36.58    
[MJ2006] J230439.0+031153.0                   |23 04 38.92 +03 11 52.8      
[MJ2006] J214816.4+065812.8                   |21 48 16.4 +06 58 13         
[MJ2006] J101024.7+413205.6                   |10 10 24.7 +41 32 06         
[MJ2006] J092014.9+510342.5                   |09 20 14.9 +51 03 42         
[MJ2006] J171915.9+480400.2                   |17 19 15.9 +48 04 00         
[MJ2006] J162040.4+173803.8                   |16 20 40.4 +17 38 04         
[MJ2006] J214822.5+065700.5                   |21 48 22.5 +06 57 00         
[MJ2006] J214753.3+065450.0                   |21 47 53.3 +06 54 50         
[WSR2004] Host G                              |02 06 22.52 +16 08 48.8      
[MJ2006] J101051.0+412857.5                   |10 10 51.0 +41 28 58         
[MJ2006] J171927.8+480628.9                   |17 19 27.8 +48 06 29         
[MJ2006] J012524.2-000832.4                   |01 25 24.2 -00 08 32         
[MJ2006] J234654.1+092803.6                   |23 46 54.1 +09 28 04         
[MJ2006] J012512.5-000832.6                   |01 25 12.5 -00 08 33         
[MJ2006] J234646.6+092910.4                   |23 46 46.6 +09 29 10         
[MJ2006] J041723.7-055641.4                   |04 17 23.7 -05 56 41         
[MJ2006] J020152.5-113019.7                   |02 01 52.5 -11 30 20         
[MJ2006] J230456.4+030832.4                   |23 04 56.4 +03 08 32         
[MJ2006] J162002.3+173742.6                   |16 20 02.3 +17 37 43         
[MJ2006] J010959.4-021756.8                   |01 09 59.4 -02 17 57         
[MJ2006] J101041.9+413303.8                   |10 10 41.90 +41 33 03.8      
[MJ2006] J214811.0+065732.6                   |21 48 11.0 +06 57 33         
[MJ2006] J012519.5-000322.8                   |01 25 19.5 -00 03 23         
[SKM2004] dwarf G                             |12 29 06.0 +02 03 12         
[MJ2006] J012539.8-000503.2                   |01 25 39.8 -00 05 03         
[MJ2006] J092025.0+510716.3                   |09 20 25.0 +51 07 16         
[MJ2006] J234251.8-032542.6                   |23 42 51.8 -03 25 43         
[MJ2006] J012530.4-000308.8                   |01 25 30.4 -00 03 09         
[BCR2006] G*                                  |18 35 45.76 +52 37 36.7      
[MJ2006] J234300.6-032542.5                   |23 43 00.6 -03 25 42         
[MJ2006] J225415.6+160604.9                   |22 54 15.6 +16 06 05         
[MJ2006] J171952.5+480509.3                   |17 19 52.5 +48 05 09         
[MJ2006] J092009.4+510742.9                   |09 20 09.4 +51 07 43         
[MJ2006] J214810.0+065759.1                   |21 48 10.0 +06 57 59         
[MJ2006] J234313.2-032400.8                   |23 43 13.2 -03 24 01         
[RSG2005] GRB 030528 Host G                   |17 04 02.0 -22 39 00         
[MJ2006] J020202.8-113303.1                   |02 02 02.8 -11 33 03         
[MJ2006] J092000.3+510505.8                   |09 20 00.3 +51 05 06         
[MJ2006] J041722.0-055042.2                   |04 17 22.0 -05 50 42         
[MJ2006] J012523.8-000742.8                   |01 25 23.8 -00 07 43         
[MJ2006] J092021.0+510251.6                   |09 20 21.0 +51 02 52         
[MJ2006] J171949.8+480135.4                   |17 19 49.8 +48 01 35         
[MJ2006] J234635.2+093241.5                   |23 46 35.2 +09 32 41         
[MJ2006] J012546.7-000406.5                   |01 25 46.7 -00 04 06         
[MJ2006] J230452.1+031028.5                   |23 04 52.1 +03 10 28         
[MJ2006] J214754.0+065528.0                   |21 47 54.0 +06 55 28         
[MJ2006] J101032.5+413242.5                   |10 10 32.5 +41 32 42         
[MJ2006] J020208.8-113106.9                   |02 02 08.8 -11 31 07         
[MJ2006] J214808.2+065712.6                   |21 48 08.4 +06 57 14         
[MJ2006] J225340.0+160755.5                   |22 53 40.0 +16 07 56         
[MJ2006] J100238.3+681136.2                   |10 02 38.3 +68 11 36         
[MJ2006] J162031.9+173535.3                   |16 20 31.9 +17 35 35         
[MJ2006] J234621.3+093052.4                   |23 46 21.3 +09 30 52         
[MJ2006] J230453.7+031511.1                   |23 04 53.7 +03 15 11         
[MJ2006] J234650.1+093308.4                   |23 46 50.1 +09 33 08         
[PBK2002] GRB 000911 Host Galaxy              |02 18 34.360 +07 44 27.65    
[MJ2006] J012544.3-000926.3                   |01 25 44.3 -00 09 26         
[MJ2006] J171924.7+480206.3                   |17 19 24.7 +48 02 06         
[MJ2006] J041729.1-055213.8                   |04 17 29.1 -05 52 14         
[MJ2006] J214749.5+065918.0                   |21 47 49.5 +06 59 18         
[MJ2006] J002730.1+224449.0                   |00 27 30.1 +22 44 49         
[MJ2006] J225408.3+160908.4                   |22 54 08.3 +16 09 08         
[MJ2006] J011020.8-022142.1                   |01 10 20.8 -02 21 42         
[MJ2006] J012522.5-000730.4                   |01 25 22.5 -00 07 30         
[MJ2006] J162019.4+173825.7                   |16 20 19.4 +17 38 26         
[MJ2006] J041728.1-055341.0                   |04 17 28.1 -05 53 41         
[MJ2006] J041724.0-055544.2                   |04 17 24.0 -05 55 44         
[MJ2006] J230458.2+030812.4                   |23 04 58.2 +03 08 12         
[MJ2006] J002712.9+224142.1                   |00 27 13.0 +22 41 42         
[MJ2006] J002659.4+224010.5                   |00 26 59.4 +22 40 10         
[MJ2006] J234239.9-032219.8                   |23 42 39.9 -03 22 20         
[MJ2006] J234252.8-032008.2                   |23 42 52.8 -03 20 08         
[MJ2006] J234651.2+093324.3                   |23 46 51.2 +09 33 24         
[MJ2006] J214757.0+065635.8                   |21 47 57.0 +06 56 36         
[MJ2006] J230448.8+031105.3                   |23 04 48.8 +03 11 05         
[MJ2006] J234632.4+093157.1                   |23 46 32.4 +09 31 57         
[MJ2006] J092015.6+510310.6                   |09 20 15.6 +51 03 11         
[DHB2007] BD 00                               |12 52 42.927 -29 29 20.05    
[MJ2006] J214805.5+065913.8                   |21 48 05.5 +06 59 14         
[MJ2006] J091948.6+510700.4                   |09 19 48.6 +51 07 00         
[MJ2006] J225345.6+160615.1                   |22 53 45.6 +16 06 15         
[MJ2006] J041732.4-055602.7                   |04 17 32.4 -05 56 03         
[MJ2006] J234643.3+093023.6                   |23 46 43.3 +09 30 24         
[MJ2006] J234642.4+093407.2                   |23 46 42.4 +09 34 07         
[MJ2006] J041700.1-055158.9                   |04 17 00.1 -05 51 59         
[MJ2006] J172002.1+480242.7                   |17 20 02.1 +48 02 43         
[MJ2006] J234633.7+093314.2                   |23 46 33.7 +09 33 14         
[MJ2006] J230456.0+031109.2                   |23 04 56.0 +03 11 09         
[MJ2006] J230452.1+030919.5                   |23 04 52.1 +03 09 19         
[MJ2006] J171948.2+480502.0                   |17 19 48.2 +48 05 02         
[MJ2006] J171934.7+480540.7                   |17 19 34.4 +48 05 38         
[DHB2007] UDF PFs1 i0                         |03 32 35.604 -27 57 37.51    
[MJ2006] J002703.4+223958.7                   |00 27 03.4 +22 39 59         
[MJ2006] J020215.1-113016.5                   |02 02 15.1 -11 30 17         
[MJ2006] J101046.3+413410.2                   |10 10 46.3 +41 34 10         
[MJ2006] J230448.1+030941.1                   |23 04 48.1 +03 09 41         
[MJ2006] J041726.8-055424.9                   |04 17 26.8 -05 54 25         
[MJ2006] J002724.9+224044.9                   |00 27 24.9 +22 40 45         
[MJ2006] J214819.0+065555.3                   |21 48 19.0 +06 55 55         
[MJ2006] J214751.7+065933.2                   |21 47 51.7 +06 59 33         
[MJ2006] J234645.6+093026.8                   |23 46 45.6 +09 30 27         
[MJ2006] J214820.7+065653.7                   |21 48 20.7 +06 56 54         
[DLM2003b] FR-II                              |08 35 22.60 -45 07 37.6      
[MJ2006] J012529.8-000249.5                   |01 25 29.8 -00 02 49         
[MJ2006] J012540.4-000344.3                   |01 25 40.4 -00 03 44         
[MJ2006] J002710.7+224226.7                   |00 27 10.7 +22 42 27         
[MJ2006] J101048.6+412945.3                   |10 10 48.6 +41 29 45         
[MJ2006] J214749.2+065930.0                   |21 47 49.2 +06 59 30         
[MJ2006] J012518.6-000319.9                   |01 25 18.6 -00 03 20         
[MJ2006] J091942.6+510240.6                   |09 19 42.6 +51 02 41         
[MJ2006] J162004.4+173419.6                   |16 20 04.4 +17 34 20         
[MJ2006] J225355.9+160645.5                   |22 53 55.9 +16 06 45         
[MJ2006] J162003.6+173431.2                   |16 20 03.6 +17 34 31         
[MJ2006] J041718.0-055543.0                   |04 17 18.0 -05 55 43         
[MJ2006] J011009.8-022320.6                   |01 10 09.8 -02 23 21         
[LSH2012] TDG candidate                       |10 14 06.5 +03 20 47         
[MJ2006] J234637.3+092809.2                   |23 46 37.3 +09 28 09         
[MJ2006] J214754.3+065732.0                   |21 47 54.3 +06 57 32         
[MJ2006] J225402.8+160701.0                   |22 54 02.8 +16 07 01         
[MJ2006] J230450.7+030955.6                   |23 04 50.7 +03 09 56         
[MJ2006] J011000.1-022058.2                   |01 10 00.1 -02 20 58         
[MJ2006] J171927.1+480528.0                   |17 19 27.1 +48 05 28         
[MJ2006] J162009.8+173417.0                   |16 20 09.8 +17 34 17         
[MJ2006] J091930.9+510450.0                   |09 19 30.9 +51 04 50         
[MJ2006] J101005.2+413124.8                   |10 10 05.2 +41 31 25         
[MJ2006] J041659.4-055537.6                   |04 16 59.4 -05 55 38         
[KMK2013] Halogas                             |02 27 20.0 +33 57 30         
[MJ2006] J092017.9+510809.6                   |09 20 17.9 +51 08 10         
[CVJ2005] For J0332-3557 Lensed source        |03 32 59.0 -35 57 51         
[MJ2006] J225348.9+160637.4                   |22 53 48.9 +16 06 37         
[MJ2006] J101015.5+413400.1                   |10 10 15.5 +41 34 00         
[MJ2006] J214811.7+065817.1                   |21 48 11.7 +06 58 17         
[TSB2006]  52                                 |12 36 47.883 +62 12 29.52    
[MJ2006] J214754.3+065657.1                   |21 47 54.3 +06 56 57         
[MJ2006] J002733.4+224311.3                   |00 27 33.4 +22 43 11         
[MJ2006] J234643.8+092736.3                   |23 46 43.8 +09 27 36         
[MJ2006] J002714.2+224000.3                   |00 27 14.2 +22 40 00         
[MJ2006] J214757.6+065846.5                   |21 47 57.6 +06 58 47         
[MJ2006] J162002.7+173824.1                   |16 20 02.7 +17 38 24         
[GFL2009] GRB 070714B Host Galaxy             |03 51 22.29 +28 17 52.2      
[MJ2006] J101029.5+413028.6                   |10 10 29.5 +41 30 29         
[MJ2006] J162034.5+173539.9                   |16 20 34.5 +17 35 40         
[MJ2006] J214809.5+065938.2                   |21 48 09.5 +06 59 38         
[MJ2006] J012534.8-000754.4                   |01 25 34.8 -00 07 54         
[MJ2006] J162028.1+173636.6                   |16 20 28.1 +17 36 37         
[MJ2006] J100232.4+681100.6                   |10 02 32.4 +68 11 01         
[MJ2006] J230439.3+030821.0                   |23 04 39.18 +03 08 19.4      
[MJ2006] J011004.6-021939.9                   |01 10 04.6 -02 19 40         
[MJ2006] J214748.1+065953.8                   |21 47 48.1 +06 59 54         
[MJ2006] J234301.4-032317.1                   |23 43 01.4 -03 23 17         
[MJ2006] J101034.4+412926.0                   |10 10 34.4 +41 29 26         
[MJ2006] J041724.2-055611.2                   |04 17 24.2 -05 56 11         
[MJ2006] J012517.3-000835.2                   |01 25 17.3 -00 08 35         
[MJ2006] J020145.4-113615.8                   |02 01 45.4 -11 36 16         
[MJ2006] J092003.4+510330.5                   |09 20 03.4 +51 03 31         
[MJ2006] J234635.4+093251.8                   |23 46 35.4 +09 32 52         
[MJ2006] J091938.4+510750.9                   |09 19 38.4 +51 07 51         
[MJ2006] J012514.1-000726.8                   |01 25 14.1 -00 07 27         
[MJ2006] J234638.8+092938.5                   |23 46 38.9 +09 29 39         
[MJ2006] J012538.5-000805.0                   |01 25 38.5 -00 08 05         
[MJ2006] J100319.3+681203.3                   |10 03 19.3 +68 12 03         
[MJ2006] J011002.6-021612.8                   |01 10 02.6 -02 16 13         
[MJ2006] J234627.9+093240.1                   |23 46 27.9 +09 32 40         
[MBR2014] GHOSTS I                            |09 53 13.700 +69 30 02.63    
[MJ2006] J214751.3+065721.7                   |21 47 51.3 +06 57 22         
[MJ2006] J101043.1+413420.0                   |10 10 43.1 +41 34 20         
[MJ2006] J041730.5-055552.1                   |04 17 30.5 -05 55 52         
[MJ2006] J225402.0+161011.4                   |22 54 02.1 +16 10 11         
[MJ2006] J101033.2+413442.3                   |10 10 33.2 +41 34 42         
[MJ2006] J230454.8+031001.4                   |23 04 54.8 +03 10 01         
[MJ2006] J225358.8+160703.5                   |22 53 58.8 +16 07 04         
[MJ2006] J225349.1+160638.7                   |22 53 49.1 +16 06 39         
[MJ2006] J225344.1+160958.0                   |22 53 44.1 +16 09 58         
[MJ2006] J171912.2+480241.9                   |17 19 12.2 +48 02 42         
[SSF2013b] M60-UCD1                           |12 43 35.964 +11 32 04.69    
[MJ2006] J101027.5+412918.7                   |10 10 27.5 +41 29 19         
[MJ2006] J162018.9+173348.9                   |16 20 18.9 +17 33 49         
[GSB2010] G1                                  |08 49 58.102 +51 08 26.62    
[MJ2006] J162034.3+173701.0                   |16 20 34.3 +17 37 01         
[MJ2006] J041731.1-055147.6                   |04 17 31.1 -05 51 48         
[MJ2006] J012547.5-000544.1                   |01 25 47.5 -00 05 44         
[MJ2006] J101022.9+413220.6                   |10 10 22.9 +41 32 21         
[MJ2006] J171926.3+480216.7                   |17 19 26.3 +48 02 17         
[MJ2006] J214816.7+065656.1                   |21 48 16.7 +06 56 56         
[MJ2006] J214751.5+065451.0                   |21 47 51.5 +06 54 51         
[MJ2006] J225343.2+161040.8                   |22 53 43.2 +16 10 41         
[MJ2006] J041717.6-055641.6                   |04 17 17.6 -05 56 42         
[MJ2006] J214823.5+065721.1                   |21 48 23.5 +06 57 21         
[MJ2006] J162028.0+173636.3                   |16 20 28.0 +17 36 36         
[MJ2006] J162024.2+173500.2                   |16 20 24.2 +17 35 00         
[NDT2002] V13 2(a)                            |10 48 44.29 +45 46 50.0      
[HRP2007] EGS20 J1418+5236                    |14 18 00.0 +52 36 00         
[MJ2006] J171913.6+480634.6                   |17 19 13.6 +48 06 35         
[MJ2006] J230433.7+031000.5                   |23 04 33.7 +03 10 00         
[MJ2006] J092002.0+510838.3                   |09 20 02.0 +51 08 38         
[MJ2006] J020204.5-113431.7                   |02 02 04.5 -11 34 32         
[MJ2006] J162025.5+173520.2                   |16 20 25.5 +17 35 20         
[MJ2006] J230454.6+030859.7                   |23 04 54.6 +03 09 00         
[MJ2006] J101008.8+413221.7                   |10 10 08.8 +41 32 22         
[MJ2006] J011003.0-021734.7                   |01 10 03.0 -02 17 35         
[MJ2006] J214749.4+065831.6                   |21 47 49.4 +06 58 32         
[MJ2006] J011020.3-022336.6                   |01 10 20.3 -02 23 37         
[BBF2008] A1689-zD1                           |13 11 29.96 -01 19 18.7      
[MJ2006] J020156.4-113005.6                   |02 01 56.4 -11 30 06         
[MJ2006] J230430.3+031339.0                   |23 04 30.3 +03 13 39         
[MPP2002] Host G                              |13 58 03.12 -31 22 22.2      
[MJ2006] J011025.4-022002.2                   |01 10 25.4 -02 20 02         
[MJ2006] J162040.2+173554.6                   |16 20 40.2 +17 35 55         
[MJ2006] J234242.3-032325.4                   |23 42 42.3 -03 23 25         
[MJ2006] J012543.6-000806.2                   |01 25 43.6 -00 08 06         
[MJ2006] J041732.5-055228.3                   |04 17 32.5 -05 52 28         
[MJ2006] J011018.1-022100.4                   |01 10 18.1 -02 21 00         
[MJ2006] J101037.8+412907.7                   |10 10 37.8 +41 29 08         
[MJ2006] J002731.1+224347.9                   |00 27 31.1 +22 43 48         
[MJ2006] J020206.3-113313.7                   |02 02 06.3 -11 33 14         
[MJ2006] J100349.6+681043.0                   |10 03 49.60 +68 10 43.0      
[MJ2006] J012525.5-000347.7                   |01 25 25.5 -00 03 48         
[MJ2006] J092005.0+510727.8                   |09 20 05.0 +51 07 28         
[MJ2006] J214807.2+065642.9                   |21 48 07.20 +06 56 42.9      
[RLP2010] Quasar                              |03 11 20.039 +01 18 58.49    
[MJ2006] J214755.6+065909.5                   |21 47 55.6 +06 59 10         
[MJ2006] J011003.1-022233.5                   |01 10 03.1 -02 22 34         
[MJ2006] J011026.0-022001.8                   |01 10 26.0 -02 20 02         
[MJ2006] J234315.3-032038.3                   |23 43 15.3 -03 20 38         
[MJ2006] J234250.2-032034.1                   |23 42 50.2 -03 20 34         
[MJ2006] J020213.1-113119.1                   |02 02 13.1 -11 31 19         
[MJ2006] J012523.0-000513.4                   |01 25 23.0 -00 05 13         
[MJ2006] J101032.5+413253.7                   |10 10 32.5 +41 32 54         
[MJ2006] J092022.4+510840.1                   |09 20 22.4 +51 08 40         
[MJ2006] J234302.3-032353.8                   |23 43 02.3 -03 23 54         
[MJ2006] J041720.9-055221.5                   |04 17 20.5 -05 52 21         
[MJ2006] J041722.0-055030.1                   |04 17 22.0 -05 50 30         
[MJ2006] J225409.5+160603.1                   |22 54 09.5 +16 06 03         
[MJ2006] J091943.2+510626.2                   |09 19 43.2 +51 06 26         
[MJ2006] J012536.3-000511.9                   |01 25 36.3 -00 05 12         
[MJ2006] J225341.4+160907.7                   |22 53 41.4 +16 09 08         
[MJ2006] J002705.0+224134.2                   |00 27 05.0 +22 41 34         
[MJ2006] J234257.3-032354.1                   |23 42 57.3 -03 23 54         
[MJ2006] J100310.3+681009.5                   |10 03 10.3 +68 10 09         
[MJ2006] J234248.9-032022.2                   |23 42 48.9 -03 20 22         
[MJ2006] J162024.4+173344.9                   |16 20 24.4 +17 33 45         
[MJ2006] J214801.8+065743.9                   |21 48 01.8 +06 57 44         
[SJ2007] LAB                                  |17 09 52.300 +59 13 21.72    
[MJ2006] J092003.1+510919.0                   |09 20 03.1 +51 09 19         
[MJ2006] J234305.5-032132.0                   |23 43 05.5 -03 21 32         
[MJ2006] J101009.7+413216.5                   |10 10 09.7 +41 32 17         
[MJ2006] J041700.2-055323.3                   |04 17 00.2 -05 53 23         
[SBJ98] Lens G                                |19 34 31.02 +50 25 23.5      
[MJ2006] J171923.0+480128.2                   |17 19 23.0 +48 01 28         
[MJ2006] J230458.8+031014.0                   |23 04 58.8 +03 10 14         
[MJ2006] J225349.3+160842.9                   |22 53 49.3 +16 08 43         
[MJ2006] J020154.4-112957.9                   |02 01 54.4 -11 29 58         
[MJ2006] J011029.5-021955.8                   |01 10 29.5 -02 19 56         
[MJ2006] J101014.5+413006.0                   |10 10 14.5 +41 30 06         
[MJ2006] J234258.3-032513.5                   |23 42 58.3 -03 25 13         
[MJ2006] J214811.9+065447.5                   |21 48 11.9 +06 54 47         
[MJ2006] J100247.2+681036.9                   |10 02 47.2 +68 10 37         
[MJ2006] J230451.5+031201.6                   |23 04 51.5 +03 12 02         
[MJ2006] J020212.4-113158.4                   |02 02 12.4 -11 31 58         
[MJ2006] J214752.9+065713.1                   |21 47 52.9 +06 57 13         
[MJ2006] J234622.3+092745.9                   |23 46 22.3 +09 27 46         
[MJ2006] J214809.6+065458.8                   |21 48 09.6 +06 54 59         
[MJ2006] J011029.5-022004.9                   |01 10 29.5 -02 20 05         
[MJ2006] J012543.3-000507.5                   |01 25 43.3 -00 05 07         
[MJ2006] J230440.4+031001.7                   |23 04 40.4 +03 10 02         
[MJ2006] J011004.6-021724.6                   |01 10 04.6 -02 17 25         
[MJ2006] J092019.7+510629.6                   |09 20 19.7 +51 06 30         
[CAD98] F8D1                                  |09 44 47.1 +67 26 19         
[MJ2006] J092006.8+510447.8                   |09 20 06.8 +51 04 48         
[MJ2006] J234626.8+093248.7                   |23 46 26.8 +09 32 49         
[MDL92] TDG                                   |12 01 25.7 -19 00 42         
[MJ2006] J225347.4+160654.6                   |22 53 47.4 +16 06 55         
[MJ2006] J234653.7+093214.6                   |23 46 53.7 +09 32 15         
[MJ2006] J214751.0+065828.6                   |21 47 51.0 +06 58 29         
[MJ2006] J234620.7+092925.1                   |23 46 20.7 +09 29 25         
[MJ2006] J101007.0+413210.4                   |10 10 07.0 +41 32 10         
[MJ2006] J091959.3+510930.3                   |09 19 59.3 +51 09 30         
[MJ2006] J012511.0-000323.7                   |01 25 11.0 -00 03 24         
[MJ2006] J041717.1-055621.0                   |04 17 17.1 -05 56 21         
[MJ2006] J225408.4+160858.4                   |22 54 08.4 +16 08 58         
[MJ2006] J012517.9-000550.3                   |01 25 17.9 -00 05 50         
[MJ2006] J101017.1+413131.6                   |10 10 17.1 +41 31 32         
[GCH2011] J002427.6+625033.5                  |00 24 27.60 +62 50 33.5      
[MJ2006] J162038.9+173628.7                   |16 20 38.9 +17 36 29         
[MJ2006] J012531.8-000911.6                   |01 25 31.8 -00 09 12         
[MJ2006] J041703.4-055122.5                   |04 17 03.4 -05 51 22         
[CKG2005] Host G                              |12 33 54.6 +21 03 27         
[MJ2006] J234240.7-032217.8                   |23 42 40.7 -03 22 18         
[MJ2006] J101019.1+412933.5                   |10 10 19.1 +41 29 34         
[TSB2006] 125                                 |12 36 58.0148 +62 12 35.571  
[MJ2006] J162023.2+173659.3                   |16 20 23.2 +17 36 59         
[MJ2006] J091935.2+510512.0                   |09 19 35.2 +51 05 12         
MENeaCS MKW3S-4-14-0                          |15 20 38.047 +07 39 34.91    
[MJ2006] J234647.5+092816.7                   |23 46 47.5 +09 28 17         
[MJ2006] J214815.8+065956.3                   |21 48 15.8 +06 59 56         
[MJ2006] J171936.2+480311.3                   |17 19 36.2 +48 03 10         
[MJ2006] J020210.6-113335.8                   |02 02 10.6 -11 33 36         
[MJ2006] J234256.7-032612.2                   |23 42 56.7 -03 26 12         
[MJ2006] J234311.3-032348.5                   |23 43 11.3 -03 23 48         
[MJ2006] J234306.8-032151.0                   |23 43 06.8 -03 21 51         
[MJ2006] J162017.3+173405.0                   |16 20 17.3 +17 34 05         
[MJ2006] J234641.2+093223.1                   |23 46 41.2 +09 32 23         
[LFR2006] GRB 030115 Host G                   |11 18 30.0 +15 02 18         
[MJ2006] J002729.1+223907.5                   |00 27 29.1 +22 39 07         
[MJ2006] J234627.5+092733.8                   |23 46 27.5 +09 27 34         
[MJ2006] J101040.6+413120.5                   |10 10 40.6 +41 31 21         
[MJ2006] J091932.3+510500.1                   |09 19 32.3 +51 05 00         
[MJ2006] J101025.9+413206.0                   |10 10 25.9 +41 32 06         
[MJ2006] J041727.9-055036.9                   |04 17 27.9 -05 50 37         
[MJ2006] J214812.6+065736.5                   |21 48 12.6 +06 57 36         
[MJ2006] J020211.3-113529.4                   |02 02 11.3 -11 35 29         
[MJ2006] J002722.1+224150.8                   |00 27 22.1 +22 41 51         
[MJ2006] J230432.8+030959.0                   |23 04 32.8 +03 09 59         
[MJ2006] J225413.8+160853.4                   |22 54 13.8 +16 08 53         
[MJ2006] J041725.7-055546.1                   |04 17 25.7 -05 55 46         
[MJ2006] J234652.9+093221.5                   |23 46 52.9 +09 32 22         
[MJ2006] J234623.2+093224.3                   |23 46 23.2 +09 32 24         
[MJ2006] J041658.9-055125.1                   |04 16 58.9 -05 51 25         
[MJ2006] J234639.3+093345.8                   |23 46 39.3 +09 33 46         
[MJ2006] J162038.3+173653.9                   |16 20 38.3 +17 36 54         
[MJ2006] J012521.3-000448.9                   |01 25 21.3 -00 04 49         
[MJ2006] J234239.3-032349.1                   |23 42 39.3 -03 23 49         
[MJ2006] J225339.2+160957.3                   |22 53 39.2 +16 09 57         
[MJ2006] J214816.1+065657.2                   |21 48 16.1 +06 56 57         
[MJ2006] J101003.8+413130.5                   |10 10 03.8 +41 31 31         
[MJ2006] J225409.2+160857.4                   |22 54 09.2 +16 08 57         
[MJ2006] J092022.2+510227.1                   |09 20 22.2 +51 02 27         
[MJ2006] J214818.3+065952.1                   |21 48 18.3 +06 59 52         
[MJ2006] J002718.2+223909.4                   |00 27 18.2 +22 39 09         
[MJ2006] J225403.4+160643.0                   |22 54 03.4 +16 06 43         
[MJ2006] J011016.5-022137.2                   |01 10 16.5 -02 21 37         
[MJ2006] J230446.6+031119.3                   |23 04 46.64 +03 11 18.8      
[MJ2006] J162017.9+173509.8                   |16 20 17.9 +17 35 10         
[MJ2006] J011017.3-022100.9                   |01 10 17.3 -02 21 01         
[MJ2006] J234630.1+092753.1                   |23 46 30.1 +09 27 53         
[MJ2006] J214801.4+065658.8                   |21 48 01.4 +06 56 59         
[MJ2006] J041712.5-055612.9                   |04 17 12.5 -05 56 13         
[PBC2006] GRB 050813 B*                       |16 07 57.070 +11 14 53.65    
[MJ2006] J234620.1+092858.3                   |23 46 20.1 +09 28 58         
[MJ2006] J162036.3+173449.4                   |16 20 36.3 +17 34 49         
[MJ2006] J214814.6+065630.7                   |21 48 14.6 +06 56 31         
[BSA2016] source                              |01 01 27.830 -33 43 19.68    
[MJ2006] J012519.9-000253.2                   |01 25 19.9 -00 02 53         
[MJ2006] J091930.5+510832.0                   |09 19 30.5 +51 08 32         
[MJ2006] J002722.7+224122.5                   |00 27 22.7 +22 41 22         
[MJ2006] J225354.3+160655.8                   |22 53 54.3 +16 06 56         
[MJ2006] J020203.5-113505.6                   |02 02 03.5 -11 35 06         
[MJ2006] J234643.3+093019.3                   |23 46 43.3 +09 30 19         
[MJ2006] J162033.1+173655.5                   |16 20 33.1 +17 36 55         
[MJ2006] J234247.0-032513.7                   |23 42 47.0 -03 25 14         
[HAL2011] NGC 6621 Middle                     |18 12 58.58 +68 21 14.8      
[MJ2006] J214805.4+070029.5                   |21 48 05.4 +07 00 29         
[MJ2006] J214805.1+065558.9                   |21 48 05.1 +06 55 59         
[MJ2006] J162025.1+173549.4                   |16 20 25.1 +17 35 49         
[MJ2006] J234309.7-031855.7                   |23 43 09.7 -03 18 56         
[MJ2006] J041709.8-055114.0                   |04 17 09.8 -05 51 14         
[MJ2006] J041717.6-055134.2                   |04 17 17.6 -05 51 34         
[MJ2006] J162015.3+173440.0                   |16 20 15.3 +17 34 40         
[MJ2006] J041705.2-055318.1                   |04 17 05.2 -05 53 18         
[MJ2006] J092020.7+510816.8                   |09 20 20.7 +51 08 17         
[MJ2006] J091934.2+510554.9                   |09 19 34.2 +51 05 55         
[MJ2006] J234619.0+092755.9                   |23 46 19.0 +09 27 56         
[RGG2003] new galaxy                          |12 29 06.0 +02 03 06         
[MJ2006] J171914.7+480239.4                   |17 19 14.7 +48 02 39         
[MJ2006] J162004.6+173413.9                   |16 20 04.6 +17 34 14         
[KHS2002] Inv                                 |10 07 25.0 -67 02 54         
[MJ2006] J091943.7+510333.5                   |09 19 43.7 +51 03 34         
[MJ2006] J092026.1+510731.8                   |09 20 26.1 +51 07 32         
[MJ2006] J234307.8-031938.8                   |23 43 07.8 -03 19 39         
[MJ2006] J214810.7+065601.1                   |21 48 10.7 +06 56 01         
[MJ2006] J234256.1-032452.8                   |23 42 56.1 -03 24 53         
[MJ2006] J002655.8+224102.3                   |00 26 55.8 +22 41 02         
[MJ2006] J225359.8+160603.2                   |22 53 59.8 +16 06 03         
[MJ2006] J162030.6+173339.1                   |16 20 30.6 +17 33 39         
[MJ2006] J162012.5+173607.5                   |16 20 12.5 +17 36 08         
[MJ2006] J010956.9-022052.5                   |01 09 56.9 -02 20 53         
[MJ2006] J101007.9+413128.2                   |10 10 07.9 +41 31 28         
[MJ2006] J041712.5-055133.1                   |04 17 12.5 -05 51 33         
[MJ2006] J091948.4+510305.4                   |09 19 48.4 +51 03 05         
[MJ2006] J101050.2+413106.2                   |10 10 50.2 +41 31 06         
[MJ2006] J041707.4-055732.7                   |04 17 07.4 -05 57 33         
[MJ2006] J011030.4-021758.9                   |01 10 30.4 -02 17 59         
[MJ2006] J234646.9+093408.1                   |23 46 46.9 +09 34 08         
[MJ2006] J171953.2+480332.0                   |17 19 53.2 +48 03 32         
[MJ2006] J214747.9+065958.6                   |21 47 47.9 +06 59 59         
[MJ2006] J002657.8+224130.6                   |00 26 57.8 +22 41 31         
[MJ2006] J230445.9+031457.1                   |23 04 45.9 +03 14 57         
[FBB2003] Spiral Galaxy                       |16 06 11.0 +55 26 57         
[MJ2006] J225400.4+160906.4                   |22 54 00.5 +16 09 06         
[MJ2006] J234646.1+093116.2                   |23 46 46.1 +09 31 16         
[MJ2006] J214822.1+065715.4                   |21 48 22.1 +06 57 15         
[MJ2006] J234242.9-031937.9                   |23 42 42.9 -03 19 38         
[MJ2006] J234645.7+092817.2                   |23 46 45.7 +09 28 17         
[MJ2006] J230453.0+031136.0                   |23 04 53.0 +03 11 36         
[MJ2006] J012529.0-000933.0                   |01 25 29.0 -00 09 33         
[MJ2006] J234620.4+093050.4                   |23 46 20.4 +09 30 50         
[MJ2006] J041708.1-055247.5                   |04 17 08.1 -05 52 47         
[MJ2006] J234240.0-032111.4                   |23 42 40.0 -03 21 11         
[MJ2006] J225347.1+161033.4                   |22 53 47.1 +16 10 33         
[MJ2006] J020147.4-113215.4                   |02 01 47.4 -11 32 15         
[MJ2006] J002721.4+224319.3                   |00 27 21.4 +22 43 19         
[MJ2006] J225353.9+160858.0                   |22 53 53.9 +16 08 58         
[MJ2006] J171958.5+480534.2                   |17 19 58.5 +48 05 34         
[MJ2006] J214747.2+065653.4                   |21 47 47.2 +06 56 53         
[MSG2014] Lensed G                            |22 48 44.1 -44 31 51         
[MJ2006] J230501.8+031130.8                   |23 05 01.8 +03 11 31         
[MJ2006] J171918.9+480512.7                   |17 19 18.9 +48 05 13         
[MJ2006] J041729.9-055131.6                   |04 17 29.9 -05 51 32         
[MJ2006] J162008.0+173347.0                   |16 20 08.0 +17 33 47         
[MJ2006] J041733.4-055121.5                   |04 17 33.4 -05 51 21         
MCBA  0                                       |13 12 43.38 +42 44 36.7      
[MJ2006] J012515.7-000408.1                   |01 25 15.7 -00 04 08         
[MJ2006] J214755.5+065611.4                   |21 47 55.5 +06 56 11         
[DFP2009] GRB 080330 Host G                   |11 17 04.50 +30 37 24.0      
[MJ2006] J230443.7+030916.4                   |23 04 43.7 +03 09 16         
[MJ2006] J234642.6+092905.9                   |23 46 42.6 +09 29 06         
[MJ2006] J012542.6-000848.0                   |01 25 42.6 -00 08 48         
[ZGL2010] SDSS J1007+2853G                    |10 07 13.68 +28 53 48.4      
[MJ2006] J020159.7-112950.8                   |02 01 59.7 -11 29 51         
[MJ2006] J011001.8-021653.4                   |01 10 01.8 -02 16 53         
[MJ2006] J214809.1+065729.3                   |21 48 09.1 +06 57 29         
[MJ2006] J101022.0+412954.3                   |10 10 22.0 +41 29 54         
[MJ2006] J012532.9-000517.6                   |01 25 33.0 -00 05 18         
[MJ2006] J002707.8+223921.6                   |00 27 07.8 +22 39 22         
[BLD2000] A105S                               |11 11 13.5 +28 41 20         
[HLT99] Ring G                                |17 01 00.0 +51 42 00         
[CSB2000] UN J1025-0040 C                     |10 25 00.7 -00 40 49         
[CSH96] SSA 13   0                            |13 12 31.80 +42 43 46.2      
LCG SSA 13-00                                 |13 12 16.05 +42 44 38.5      
LDSS 00.2.01                                  |00 57 34.40 -27 27 02.6      
LDSS 00.2.03                                  |00 57 21.15 -27 23 42.1      
LDSS 00.2.04                                  |00 57 34.72 -27 25 06.6      
LDSS 00.2.05                                  |00 57 21.88 -27 24 18.9      
LDSS 00.2.08                                  |00 57 24.11 -27 31 26.5      
LDSS 00.2.12                                  |00 57 25.46 -27 24 35.5      
LDSS 00.2.14                                  |00 57 26.21 -27 33 29.8      
LDSS 00.2.17                                  |00 57 13.80 -27 23 23.9      
LDSS 00.2.18                                  |00 57 15.87 -27 32 14.6      
LDSS 00.2.20                                  |00 57 29.92 -27 31 13.1      
LDSS 00.2.23                                  |00 57 19.63 -27 31 42.8      
LDSS 00.2.24                                  |00 57 14.73 -27 29 27.7      
LDSS 00.2.27                                  |00 57 19.19 -27 31 53.7      
LDSS 00.2.29                                  |00 57 30.64 -27 27 42.1      
LDSS 00.2.31                                  |00 57 12.26 -27 23 55.4      
LDSS 00.2.32                                  |00 56 58.98 -27 29 56.2      
LDSS 00.2.33                                  |00 57 16.30 -27 32 39.6      
LDSS 00.2.35                                  |00 57 21.86 -27 22 15.0      
LDSS 00.2.36                                  |00 57 03.99 -27 32 29.4      
LDSS 00.2.38                                  |00 56 52.07 -27 33 52.2      
LDSS 00.2.39                                  |00 57 17.50 -27 24 06.5      
LDSS 00.2.43                                  |00 57 09.51 -27 33 18.8      
LDSS 00.2.44                                  |00 57 15.26 -27 32 04.0      
LDSS 00.2.45                                  |00 57 26.59 -27 30 24.3      
LDSS 00.2.46                                  |00 57 16.74 -27 31 00.1      
LDSS 00.2.48                                  |00 57 20.25 -27 29 40.1      
LDSS 00.2.49                                  |00 57 17.12 -27 22 41.3      
HS 0000+2422                                  |00 05 00.163 +22 07 56.01    
KUG 0000+348                                  |00 03 27.41 +35 09 31.0      
SAS-LBG Q0000-C1                              |00 03 17.13 -26 06 03.2      
SAS-LBG Q0000-C2                              |00 03 30.38 -26 05 47.3      
SAS-LBG Q0000-C4                              |00 03 21.87 -26 05 39.9      
SAS-LBG Q0000-C6                              |00 03 21.12 -26 04 17.4      
SAS-LBG Q0000-C8                              |00 03 20.25 -26 03 36.6      
SAS-LBG Q0000-C9                              |00 03 26.33 -26 03 28.7      
SAS-LBG Q0000-C10                             |00 03 23.30 -26 02 52.3      
SAS-LBG Q0000-C12                             |00 03 27.31 -26 02 27.7      
SAS-LBG Q0000-C13                             |00 03 25.40 -26 01 25.3      
SAS-LBG Q0000-D1                              |00 03 25.17 -26 04 35.2      
SAS-LBG Q0000-D2                              |00 03 31.02 -26 04 31.1      
SAS-LBG Q0000-D3                              |00 03 17.23 -26 04 03.9      
SAS-LBG Q0000-D4                              |00 03 20.97 -26 03 37.6      
SAS-LBG Q0000-D5                              |00 03 28.51 -26 03 28.3      
SAS-LBG Q0000-D6                              |00 03 23.79 -26 02 48.5      
SAS-LBG Q0000-D8                              |00 03 32.45 -26 01 47.4      
SAS-LBG Q0000-M1                              |00 03 19.84 -26 01 22.1      
SAS-LBG Q0000-MD1                             |00 03 24.65 -26 05 48.8      
SAS-LBG Q0000-MD2                             |00 03 25.12 -26 04 52.6      
SAS-LBG Q0000-MD3                             |00 03 18.47 -26 04 35.0      
SAS-LBG Q0000-MD4                             |00 03 19.70 -26 04 26.5      
SAS-LBG Q0000-MD5                             |00 03 25.92 -26 02 20.0      
SAS-LBG Q0000-MD6                             |00 03 21.22 -26 01 47.6      
SAS-LBG Q0000-MD7                             |00 03 21.25 -26 01 26.8      
AM 0000-803                                   |00 02 44.2 -80 20 47         
[DD2013] W4+0+0  16623                        |22 12 54.590 +00 54 51.07    
[VRH99] GRB 991216 abs 1.02                   |05 09 31.30 +11 17 07.3      
[DD2013] W4+0+0  27440                        |22 14 31.189 +00 57 00.06    
[DD2013] W4+0+0  30692                        |22 14 13.568 +00 57 57.02    
[RVJ2003] GRB 030328 abs 1.29                 |12 10 48.4 -09 20 51         
[MGS2003] GRB 030328 abs 1.52                 |12 10 48.4 -09 20 51         
[DD2013] W4+0+0  39432                        |22 14 20.859 +01 01 07.06    
[DD2013] W4+0+0  40959                        |22 14 59.543 +01 01 10.38    
[DD2013] W4+0+0  44559                        |22 15 04.872 +01 01 58.46    
[FJH2005] GRB 050401 abs 2.90                 |16 31 28.81 +02 11 14.2      
Dwingeloo 030.1-04.3                          |19 01 48.0 -04 30 00         
Dwingeloo 030.6-02.4                          |18 58 36.0 -03 08 00         
[DD2013] W4+0+0  78971                        |22 11 59.822 +01 12 04.42    
[SB2002] G031-33-330                          |20 47 33.0 -16 20 36         
[F2005] GRB 050319 abs 3.24                   |10 16 47.9 +43 32 55         
[SB2002] G039-27-310                          |20 36 19.0 -07 11 18         
[SB2002] G040-31-272                          |20 53 22.0 -08 25 30         
[SB2002] G043-13-314                          |19 55 56.0 +02 43 48         
[SB2002] G043-31-236                          |20 58 39.0 -05 41 00         
Dwingeloo 044.8-00.5                          |19 14 57.0 +10 17 48         
[SB2002] G046-25-235                          |20 41 02.0 -01 16 48         
[SB2002] G046+44+201                          |16 20 30.0 +26 54 00         
[SB2002] G050+81-442                          |13 29 31.0 +29 13 00         
[SB2002] G068+24-269                          |18 14 17.0 +40 53 18         
[DD2013] W4+0+0 175650                        |22 13 58.324 +01 38 43.79    
[SB2002] G070+51-146                          |15 48 55.0 +43 49 48         
[SB2002] G072-16-395                          |21 10 03.0 +24 01 18         
[DD2013] W4+0+0 188362                        |22 12 57.052 +01 42 25.19    
[SB2002] G079-37+213                          |22 32 37.0 +13 10 42         
[SB2002] G079-37+235                          |22 32 37.0 +13 10 42         
[SB2002] G079-37+252                          |22 32 37.0 +13 10 42         
[SB2002] G080+22-205                          |18 44 47.0 +50 32 00         
[SB2002] G080-42-329                          |22 46 29.0 +10 09 48         
[SB2002] G080-66-226                          |23 44 55.0 +09 15 54         
[SB2002] G083-49-307                          |23 09 23.0 +05 27 12         
[SB2002] G083-50-325                          |23 11 24.0 +05 17 12         
[WFH2003] GRB 030429 abs 0.841                |12 13 06.0 -20 55 00         
[SB2002] G089-65-312                          |23 55 35.0 -06 04 30         
Dwingeloo 092.8+00.5                          |21 23 30.0 +50 56 00         
[SB2002] G093-52-312                          |23 38 57.0 +06 09 18         
[SB2002] G093-52-266                          |23 38 57.0 +06 09 18         
[SB2002] G093-55-276                          |23 43 02.0 +04 28 12         
[SB2002] G096-58-273                          |23 54 18.0 +02 36 42         
[SB2002] G097-53-384                          |23 48 35.0 +07 07 42         
[SB2002] G097-54-363                          |23 51 04.0 +05 54 18         
[TSW99]    1.000                              |12 36 40.81 +62 12 09.3      
[SB2002] G100-49-395                          |23 50 19.0 +10 48 36         
[SB2002] G114-11-441                          |23 49 28.0 +50 57 12         
[BSC2003] GRB 020813 abs 1.255                |19 46 41.87 -19 36 04.8      
[SB2002] G143+65+285                          |12 00 44.0 +50 06 18         
[SB2002] G158-39-285                          |02 41 41.0 +16 17 18         
[SB2002] G158-39-280                          |02 40 43.0 +16 31 30         
[SB2002] G159+32+268                          |08 03 13.0 +58 25 30         
[SB2002] G162+14-382                          |06 02 42.0 +51 25 54         
[SB2002] G169-40-235                          |03 07 46.0 +10 25 00         
[SB2002] G169-43-259                          |03 01 38.0 +08 14 54         
[VMF2008] GRB 080928 abs 1.692                |06 20 17.0 -55 11 59         
[SB2002] G189-25-203                          |04 25 34.0 +13 26 42         
[SB2002] G189-32+248                          |04 16 23.0 +03 47 30         
[TSW99]    2.000                              |12 36 40.963 +62 12 10.75    
[SB2002] G237+51+120                          |10 30 23.0 +07 47 06         
GLXY G244.2-01.8+475                          |07 46 18.0 -28 28 00         
[SB2002] G261+49+160                          |11 07 16.0 -04 54 42         
[PBW2005] GRB 050820 abs 2.612                |22 29 38.16 +19 33 35.1      
[BBS2004] BG 0.2708                           |00 35 24.1 +00 24 00         
[TSW99]    3.000                              |12 36 40.99 +62 12 14.2      
[LVS2006] GRB 060607 abs 3.082                |05 59 51.9 +75 14 56         
GLXY G312.5+22.1+492                          |13 37 30.0 -39 53 00         
[HMG2003] GRB 020124 abs 3.198                |09 32 49.0 -11 27 36         
GLXY G326.5-14.6+460                          |17 11 30.0 -64 43 00         
[BBS2004] BG 0.3300                           |13 00 35.9 +65 22 35         
[FFP2005] GRB 050908 abs 3.350                |01 21 50.65 -12 57 19.0      
[VWR2003] GRB 030323 abs 3.372                |11 06 09.4 -21 46 13         
[SB2002] G347+46+259                          |14 49 56.0 -06 42 24         
[SB2002] G347+46-215                          |14 49 56.0 -06 42 24         
[BBS2004] BG 0.3556                           |14 09 10.0 +61 05 11         
[BBS2004] BG 0.3776                           |17 09 55.4 +58 23 48         
[BBS2004] BG 0.3809                           |08 05 32.2 +30 37 12         
[BBS2004] BG 0.3964                           |21 34 26.4 +10 43 13         
[SVE2005] GRB 050730 abs 3.968                |14 08 17.14 -03 46 17.8      
[TSW99]    4.000                              |12 36 40.98 +62 12 07.4      
3C 400.1                                      |19 24 36.8 +35 21 09         
3C 403.1                                      |19 52 32.36 -01 17 34.2      
[BBS2004] BG 0.4317                           |15 40 49.1 -00 33 42         
[BBS2004] BG 0.4404                           |14 42 10.4 -00 27 54         
[BBS2004] BG 0.4446                           |12 38 51.6 +67 09 28         
[BBS2004] BG 0.4538                           |09 28 57.3 +44 00 59         
[BBS2004] BG 0.4635                           |20 52 22.5 +00 01 11         
[BBS2004] BG 0.4646                           |11 36 29.4 -02 23 03         
[BBS2004] BG 0.4722                           |13 06 13.65 +06 00 22.1      
SDSSCGA 478.4                                 |21 44 19.035 -07 11 35.89    
[BBS2004] BG 0.4797                           |10 10 51.5 +06 04 32         
[MNC2008] S483                                |00 33 11.22 -43 55 12.3      
SDSSCGA 489.3                                 |11 29 33.772 +34 11 03.99    
[TSW99]    5.000                              |12 36 41.1539 +62 12 10.569  
[BBS2004] BG 0.5011                           |01 11 23.4 +00 00 12         
[BBS2004] BG 0.5388                           |15 50 30.7 +52 17 05         
[BBS2004] BG 0.5435                           |11 51 07.0 +64 55 40         
[BBS2004] BG 0.5466                           |11 28 37.7 +58 35 26         
[BBS2004] BG 0.5672                           |08 50 38.7 +02 01 55         
[BBS2004] BG 0.5809                           |11 01 02.1 +07 36 22         
[BBS2004] BG 0.5952                           |00 24 31.9 +00 31 23         
[TSW99]    6.000                              |12 36 41.22 +62 12 07.2      
[BBS2004] BG 0.6029                           |21 47 47.0 -00 32 27         
[BBS2004] BG 0.6238                           |22 51 25.8 -09 26 35         
[BBS2004] BG 0.6240                           |03 24 54.5 -01 10 29         
[BBS2004] BG 0.6306                           |21 37 20.8 -08 08 09         
SDSSCGA 639.4                                 |11 19 24.828 +54 21 49.22    
[BBS2004] BG 0.6435                           |08 13 23.3 +45 18 09         
[BBS2004] BG 0.6672                           |20 42 49.7 -06 26 31         
SDSSCGA 682.4                                 |22 07 51.954 -08 18 09.49    
[MPP2003] GRB 020405 abs 0.6908               |13 58 03.01 -31 22 24.7      
SDSSCGA 695.4                                 |14 24 57.092 +37 08 45.47    
[TSW99]    7.000                              |12 36 41.23 +62 12 15.6      
SDSSCGA 750.1                                 |15 09 54.259 +10 14 58.86    
SDSSCGA 786.1                                 |12 39 01.069 +06 13 45.76    
[TSW99]    8.000                              |12 36 41.29 +62 12 14.7      
SDSSCGA 802.2                                 |13 18 14.957 +33 17 00.17    
SDSSCGA 808.2                                 |09 52 51.108 +22 31 05.49    
SDSSCGA 810.4                                 |12 08 48.145 +41 20 44.94    
SDSSCGA 833.3                                 |13 01 20.665 +39 55 00.09    
SDSSCGA 862.2                                 |22 44 51.650 +00 40 38.02    
SDSSCGA 866.5                                 |08 58 46.907 +03 43 15.60    
[TSW99]    9.000                              |12 36 41.37 +62 12 15.9      
SDSSCGA 913.4                                 |09 21 48.990 +15 39 17.81    
SDSSCGA 930.2                                 |10 49 10.667 +24 34 12.80    
SDSSCGA 947.3                                 |11 33 04.436 +23 37 51.65    
SDSSCGA 995.3                                 |14 34 06.867 +07 32 11.76    
[TSW99]   10.000                              |12 36 41.40 +62 12 07.0      
[HKS2013] ALESS 101.1                         |03 31 51.6370 -27 45 52.262  
SDSSCGA 1036.2                                |14 56 40.519 +61 50 49.52    
SDSSCGA 1054.1                                |12 31 11.539 +09 53 28.15    
SDSSCGA 1054.3                                |12 31 07.724 +09 52 55.82    
SDSSCGA 1084.4                                |15 26 42.070 +26 14 51.48    
SDSSCGA 1097.3                                |08 29 45.882 +47 56 03.67    
[MNC2008] S1110                               |00 33 06.30 -43 10 29.8      
SDSSCGA 1125.3                                |21 56 41.784 -08 40 11.05    
SDSSCGA 1148.5                                |08 20 59.779 +01 52 16.67    
[MNC2008] S1189                               |00 34 27.54 -43 02 22.5      
[MNC2008] S1192                               |00 33 20.69 -43 02 03.7      
[TSW99]   12.000                              |12 36 41.41 +62 12 06.6      
SDSSCGA 1215.4                                |09 44 37.148 +04 54 18.34    
SDSSCGA 1254.3                                |11 11 56.954 +33 50 47.90    
SDSSCGA 1271.3                                |10 28 08.825 +54 18 57.21    
SDSSCGA 1285.1                                |12 21 47.100 +55 49 17.56    
[TSW99]   13.000                              |12 36 41.47 +62 12 13.9      
SDSSCGA 1316.1                                |12 33 38.397 +00 19 58.92    
SDSSCGA 1378.2                                |13 19 49.293 +07 01 16.85    
SDSSCGA 1385.6                                |12 02 12.675 +59 08 22.41    
[GSD2013b] 1411.3                             |14 48 44.9048 +08 53 46.544  
SDSSCGA 1439.4                                |13 44 38.225 +03 17 48.24    
SDSSCGA 1497.3                                |21 13 24.921 +11 38 53.48    
SDSSCGA 1501.4                                |11 28 38.337 +19 19 07.50    
SDSSCGA 1516.3                                |17 05 47.624 +59 16 08.58    
SDSSCGA 1614.2                                |15 47 20.159 +13 01 11.31    
SDSSCGA 1625.1                                |16 00 12.367 +33 16 08.70    
SDSSCGA 1636.2                                |13 38 35.621 +63 19 58.65    
SDSSCGA 1656.3                                |11 34 59.421 +19 27 31.23    
SDSSCGA 1670.2                                |15 51 01.549 +45 25 08.62    
SDSSCGA 1696.3                                |08 53 23.250 +31 37 39.89    
SDSSCGA 1696.4                                |08 53 24.333 +31 38 08.00    
[TSW99]   17.000                              |12 36 41.59 +62 12 16.9      
SDSSCGA 1701.3                                |12 15 43.888 +02 05 26.83    
SDSSCGA 1728.4                                |10 53 41.709 +24 34 57.78    
SDSSCGA 1742.2                                |16 56 51.972 +36 12 17.80    
SDSSCGA 1770.3                                |10 53 18.621 +40 23 39.97    
SDSSCGA 1816.3                                |12 42 23.097 +38 53 25.67    
SDSSCGA 1853.2                                |16 12 16.472 +31 02 03.36    
[TSW99]   19.000                              |12 36 41.61 +62 12 05.2      
SDSSCGA 1914.4                                |13 14 35.685 +08 27 39.41    
SDSSCGA 1973.2                                |14 47 46.786 +30 03 00.37    
SDSSCGA 1984.2                                |16 04 22.830 +27 26 04.38    
[TSW99]   20.000                              |12 36 41.61 +62 12 04.5      
SDSSCGA 2012.4                                |11 17 42.051 +44 50 58.84    
SDSSCGA 2027.5                                |11 35 05.112 +57 44 00.68    
[CDK2000] GRB 000926 abs 2.0369               |17 04 09.8 +51 47 11         
SDSSCGA 2046.2                                |16 27 10.208 +13 03 39.54    
SDSSCGA 2049.2                                |12 41 04.651 +14 33 08.38    
SDSSCGA 2069.3                                |10 49 37.932 +22 32 23.04    
SDSSCGA 2098.3                                |10 05 04.382 +14 04 26.87    
SDSSCGA 2099.3                                |10 39 39.421 +39 28 17.06    
[TSW99]   21.000                              |12 36 41.64 +62 12 16.2      
SDSSCGA 2115.4                                |10 21 53.615 +14 05 53.93    
SDSSCGA 2145.4                                |10 27 40.226 +14 28 20.31    
SDSSCGA 2163.2                                |17 15 52.300 +30 16 57.78    
SDSSCGA 2171.4                                |15 10 33.769 +04 00 02.52    
[BAL2007] uc218.7                             |03 38 23.416 -35 39 53.32    
[PWF2008] GRB 050922C abs 2.1992              |21 09 33.10 -08 45 29.8      
[TSW99]   22.000                              |12 36 41.66 +62 12 05.5      
SDSSCGA 2217.4                                |12 11 22.815 +07 07 35.01    
SDSSCGA 2251.3                                |14 26 41.874 +64 59 53.42    
SDSSCGA 2256.2                                |10 47 59.410 +15 15 52.93    
SDSSCGA 2276.1                                |03 57 10.617 -00 41 25.97    
[TSW99]   23.000                              |12 36 41.71 +62 12 19.2      
[TSW99]   24.000                              |12 36 41.72 +62 12 18.9      
[TSW99]   25.000                              |12 36 41.96 +62 12 21.6      
[TSW99]   26.000                              |12 36 41.93 +62 12 05.3      
[TSW99]   26.100                              |12 36 41.93 +62 12 05.3      
[TSW99]   26.110                              |12 36 41.93 +62 12 05.3      
[TSW99]   26.200                              |12 36 42.22 +62 12 03.2      
[TSW99]   27.000                              |12 36 42.1697 +62 12 23.131  
[TSW99]   28.000                              |12 36 42.21 +62 12 24.9      
[TSW99]   29.000                              |12 36 42.3201 +62 12 01.364  
[TSW99]   30.000                              |12 36 42.32 +62 12 19.6      
[TSW99]   32.000                              |12 36 42.366 +62 12 13.86    
[BAL2007] uc329.7                             |03 36 27.74 -35 14 13.9      
[TSW99]   33.000                              |12 36 42.473 +62 12 01.17    
[TSW99]   35.000                              |12 36 42.571 +62 12 11.40    
[TSW99]   36.000                              |12 36 42.611 +62 12 25.31    
[TSW99]   37.000                              |12 36 42.697 +62 12 04.08    
[TSW99]   38.000                              |12 36 42.6558 +62 12 20.929  
[TSW99]   39.000                              |12 36 42.66 +62 12 18.0      
[TSW99]   40.000                              |12 36 42.68 +62 12 20.1      
[TSW99]   41.000                              |12 36 42.70 +62 12 20.4      
[BAL2007] uc411.2                             |03 41 32.855 -35 11 37.30    
[TSW99]   42.000                              |12 36 42.75 +62 12 01.0      
[BPC2006] GRB 050505 abs 4.2748               |09 27 03.19 +30 16 22.7      
[TSW99]   43.000                              |12 36 42.79 +62 12 04.0      
[TSW99]   44.000                              |12 36 42.79 +62 12 30.2      
[TSW99]   45.000                              |12 36 42.88 +62 12 00.0      
[TSW99]   46.000                              |12 36 42.9154 +62 12 03.452  
[BAL2007] uc464.5                             |03 39 43.56 -35 26 59.5      
[TSW99]   47.100                              |12 36 42.8802 +62 12 27.868  
[TSW99]   48.000                              |12 36 42.91 +62 12 22.9      
[PVK2003] 000.04996 +01.12175                 |00 00 11.99 +01 07 18.3      
[TSW99]   50.000                              |12 36 42.91 +62 12 20.0      
[TSW99]   51.000                              |12 36 42.9879 +62 12 11.402  
[TSW99]   53.000                              |12 36 43.08 +62 12 30.9      
[TSW99]   54.000                              |12 36 43.11 +62 12 07.3      
[PVK2003] 000.05498 +14.59171                 |00 00 13.20 +14 35 30.2      
[TSW99]   56.000                              |12 36 43.10 +62 12 31.1      
[TSW99]   57.000                              |12 36 43.1422 +62 12 28.440  
[TSW99]   58.000                              |12 36 43.12 +62 12 00.8      
[TSW99]   59.000                              |12 36 43.2014 +62 12 19.170  
[TSW99]   60.000                              |12 36 43.19 +62 12 26.9      
[TSW99]   61.000                              |12 36 43.3128 +62 12 18.314  
[TSW99]   62.000                              |12 36 43.32 +62 12 33.6      
[TSW99]   63.000                              |12 36 43.347 +62 12 15.93    
[TSW99]   64.000                              |12 36 43.40 +62 12 01.0      
[TSW99]   65.000                              |12 36 43.43 +62 12 28.2      
[DD2013] W4+0+1   1778                        |22 12 58.525 +01 46 12.34    
[DD2013] W4+0+1   8934                        |22 12 43.491 +01 47 59.33    
[DD2013] W4+0+1 118298                        |22 13 48.920 +02 18 48.97    
[TSW99]   66.000                              |12 36 43.45 +62 12 27.8      
[DD2013] W4+0+1 169392                        |22 15 00.149 +02 33 17.32    
[DD2013] W4+0+1 208848                        |22 14 51.6 +02 44 08         
SDSSCGB 677.3                                 |12 00 34.973 +20 04 30.77    
[TSW99]   70.000                              |12 36 43.69 +62 11 57.0      
[TSW99]   71.000                              |12 36 43.7040 +62 12 15.589  
[TSW99]   72.000                              |12 36 43.704 +62 12 10.97    
[TSW99]   73.000                              |12 36 43.71 +62 12 31.7      
[TSW99]   74.000                              |12 36 43.75 +62 12 25.3      
[TSW99]   75.000                              |12 36 43.8044 +62 12 32.062  
[TSW99]   76.000                              |12 36 43.806 +62 12 22.44    
[TSW99]   77.000                              |12 36 43.83 +62 12 29.7      
[TSW99]   78.000                              |12 36 43.86 +62 12 25.1      
[TSW99]   79.000                              |12 36 43.90 +62 12 02.2      
[TSW99]   80.000                              |12 36 44.01 +62 12 36.5      
[TSW99]   81.000                              |12 36 44.02 +62 12 09.3      
[TSW99]   81.100                              |12 36 44.01 +62 12 09.4      
[TSW99]   82.000                              |12 36 44.06 +62 12 26.9      
[TSW99]   83.000                              |12 36 44.04 +62 12 23.0      
[TSW99]   84.000                              |12 36 44.06 +62 12 12.4      
[TSW99]   85.000                              |12 36 44.09 +62 12 23.5      
[TSW99]   86.000                              |12 36 44.09 +62 12 23.3      
[TSW99]   89.000                              |12 36 44.24 +62 12 20.0      
[TSW99]   90.000                              |12 36 44.34 +62 12 03.3      
[TSW99]   91.000                              |12 36 44.35 +62 12 14.2      
[TSW99]   92.000                              |12 36 44.44 +62 12 17.1      
[TSW99]   93.000                              |12 36 44.48 +62 12 26.3      
[TSW99]   94.000                              |12 36 44.4975 +62 11 53.312  
[TSW99]   95.000                              |12 36 44.496 +62 12 30.49    
[TSW99]   96.000                              |12 36 44.61 +62 12 36.5      
[TSW99]   97.000                              |12 36 44.578 +62 12 15.55    
[TSW99]   98.000                              |12 36 44.571 +62 12 09.62    
[TSW99]   99.000                              |12 36 44.57 +62 12 35.4      
[TSW99]  101.000                              |12 36 44.62 +62 11 48.8      
[TSW99]  104.000                              |12 36 44.68 +62 12 34.1      
[TSW99]  105.000                              |12 36 44.61 +62 12 43.5      
[TSW99]  106.000                              |12 36 44.71 +62 11 53.3      
[TSW99]  108.000                              |12 36 44.71 +62 12 24.2      
[TSW99]  110.000                              |12 36 44.7472 +62 11 54.501  
[TSW99]  111.000                              |12 36 44.76 +62 11 55.2      
[TSW99]  113.000                              |12 36 44.80 +62 12 43.0      
[TSW99]  115.000                              |12 36 44.77 +62 12 29.3      
[TSW99]  117.000                              |12 36 44.9213 +62 12 19.367  
[TSW99]  118.000                              |12 36 44.89 +62 11 50.3      
[TSW99]  119.000                              |12 36 44.925 +62 12 42.61    
[TSW99]  120.000                              |12 36 44.9449 +62 12 26.691  
[TSW99]  121.000                              |12 36 44.94 +62 12 44.4      
[TSW99]  122.000                              |12 36 45.07 +62 12 22.1      
[TSW99]  123.000                              |12 36 44.96 +62 11 48.8      
[TSW99]  125.000                              |12 36 45.028 +62 11 49.38    
[TSW99]  126.000                              |12 36 45.04 +62 12 03.0      
[TSW99]  127.000                              |12 36 45.0478 +62 11 58.082  
[TSW99]  129.000                              |12 36 45.12 +62 12 37.1      
[TSW99]  130.000                              |12 36 45.132 +62 11 50.33    
[TSW99]  132.000                              |12 36 45.1645 +62 12 05.203  
[TSW99]  133.000                              |12 36 45.1748 +62 12 44.515  
[TSW99]  134.000                              |12 36 45.275 +62 12 12.35    
[PVK2003] 000.13499 +14.58184                 |00 00 32.40 +14 34 54.6      
[TSW99]  135.000                              |12 36 45.264 +62 12 25.70    
[TSW99]  136.000                              |12 36 45.269 +62 11 45.40    
[TSW99]  137.000                              |12 36 45.307 +62 12 38.62    
[TSW99]  138.000                              |12 36 45.3323 +62 12 03.586  
[TSW99]  139.000                              |12 36 45.349 +62 12 26.78    
[TSW99]  140.000                              |12 36 45.3679 +62 12 33.779  
[TSW99]  141.000                              |12 36 45.36 +62 11 53.9      
[TSW99]  141.100                              |12 36 45.33 +62 11 53.9      
[TSW99]  141.110                              |12 36 45.34 +62 11 53.9      
[TSW99]  141.120                              |12 36 45.0615 +62 11 54.231  
[TSW99]  142.000                              |12 36 45.368 +62 12 30.99    
[TSW99]  143.000                              |12 36 45.37 +62 12 25.8      
[TSW99]  144.000                              |12 36 45.38 +62 12 01.7      
[TSW99]  146.000                              |12 36 45.42 +62 12 07.8      
[TSW99]  147.000                              |12 36 45.42 +62 12 28.3      
[TSW99]  148.000                              |12 36 45.4217 +62 11 48.978  
[TSW99]  149.000                              |12 36 45.438 +62 12 39.63    
[TSW99]  150.000                              |12 36 45.45 +62 12 02.0      
[TSW99]  151.000                              |12 36 45.47 +62 11 43.5      
[TSW99]  152.000                              |12 36 45.47 +62 12 35.0      
[TSW99]  153.000                              |12 36 45.50 +62 12 16.6      
[TSW99]  154.000                              |12 36 45.497 +62 12 02.09    
[PBF2006c] GRB 051111 abs 1.54948             |23 12 33.2 +18 22 29         
[TSW99]  155.000                              |12 36 45.511 +62 12 34.60    
[TSW99]  156.000                              |12 36 45.51 +62 12 41.8      
[TSW99]  157.000                              |12 36 45.54 +62 12 39.6      
[TSW99]  158.000                              |12 36 45.55 +62 12 36.6      
[TSW99]  159.000                              |12 36 45.565 +62 12 33.56    
[TSW99]  160.000                              |12 36 45.57 +62 12 36.2      
[TSW99]  161.000                              |12 36 45.59 +62 12 40.3      
[TSW99]  162.000                              |12 36 45.59 +62 11 44.0      
[TSW99]  163.000                              |12 36 45.6529 +62 12 24.872  
[TSW99]  164.000                              |12 36 45.63 +62 12 41.1      
[TSW99]  165.000                              |12 36 45.6540 +62 11 43.051  
[TSW99]  166.000                              |12 36 45.6638 +62 12 41.972  
[TSW99]  168.000                              |12 36 45.66 +62 11 44.3      
[TSW99]  169.000                              |12 36 45.68 +62 12 26.4      
[TSW99]  170.000                              |12 36 45.72 +62 12 27.2      
[TSW99]  171.000                              |12 36 45.74 +62 12 35.9      
[TSW99]  172.000                              |12 36 45.7416 +62 11 57.350  
[TSW99]  173.000                              |12 36 45.75 +62 12 42.5      
[TSW99]  174.000                              |12 36 45.76 +62 11 59.2      
[TSW99]  175.000                              |12 36 45.78 +62 12 13.7      
[TSW99]  176.000                              |12 36 45.792 +62 12 22.57    
[TSW99]  177.000                              |12 36 45.7982 +62 11 50.600  
[TSW99]  178.000                              |12 36 45.81 +62 12 42.1      
[TSW99]  179.000                              |12 36 45.82 +62 12 38.6      
[TSW99]  180.000                              |12 36 45.83 +62 11 56.3      
[TSW99]  181.000                              |12 36 45.84 +62 12 37.2      
[PVK2003] 000.18144 +14.52487                 |00 00 43.55 +14 31 29.5      
[TSW99]  182.000                              |12 36 45.85 +62 11 42.1      
[PVK2003] 000.18220 -10.42261                 |00 00 43.73 -10 25 21.4      
[TSW99]  183.000                              |12 36 45.88 +62 12 38.0      
[TSW99]  185.000                              |12 36 45.92 +62 12 28.5      
[TSW99]  186.000                              |12 36 45.9600 +62 12 38.421  
[TSW99]  187.000                              |12 36 45.947 +62 12 31.52    
[TSW99]  188.000                              |12 36 45.9596 +62 11 49.596  
[TSW99]  190.000                              |12 36 46.01 +62 12 17.7      
[TSW99]  191.000                              |12 36 46.039 +62 12 23.83    
[TSW99]  192.000                              |12 36 46.05 +62 12 27.4      
[TSW99]  193.000                              |12 36 46.09 +62 12 26.7      
[TSW99]  194.000                              |12 36 46.09 +62 12 37.8      
[TSW99]  195.000                              |12 36 46.15 +62 12 27.3      
[TSW99]  196.000                              |12 36 46.17 +62 12 36.8      
[TSW99]  198.000                              |12 36 46.19 +62 11 41.9      
[TSW99]  198.100                              |12 36 46.19 +62 11 41.9      
[TSW99]  198.200                              |12 36 46.1593 +62 11 45.002  
[TSW99]  199.000                              |12 36 46.216 +62 12 35.25    
[TSW99]  200.000                              |12 36 46.19 +62 11 55.2      
[TSW99]  201.000                              |12 36 46.21 +62 12 28.8      
[TSW99]  201.100                              |12 36 46.270 +62 12 28.51    
[TSW99]  201.200                              |12 36 46.23 +62 12 29.1      
[TSW99]  202.000                              |12 36 46.2772 +62 12 33.463  
[TSW99]  203.000                              |12 36 46.269 +62 12 22.85    
[TSW99]  204.000                              |12 36 46.2714 +62 11 59.796  
[TSW99]  205.000                              |12 36 46.31 +62 12 39.6      
[TSW99]  206.000                              |12 36 46.33 +62 12 29.9      
[TSW99]  207.000                              |12 36 46.3744 +62 12 24.821  
[TSW99]  208.000                              |12 36 46.388 +62 12 15.86    
[TSW99]  209.000                              |12 36 46.414 +62 12 04.53    
[TSW99]  210.000                              |12 36 46.417 +62 11 46.45    
[TSW99]  211.000                              |12 36 46.49 +62 12 27.9      
[TSW99]  213.000                              |12 36 46.5383 +62 11 45.570  
[TSW99]  215.000                              |12 36 46.585 +62 12 15.54    
[TSW99]  217.000                              |12 36 46.60 +62 12 37.0      
[TSW99]  218.000                              |12 36 46.59 +62 12 01.8      
[TSW99]  221.000                              |12 36 46.664 +62 12 00.85    
[TSW99]  223.000                              |12 36 46.70 +62 11 44.9      
[TSW99]  224.000                              |12 36 46.71 +62 11 45.2      
[TSW99]  225.000                              |12 36 46.7376 +62 12 16.278  
[TSW99]  226.000                              |12 36 46.7453 +62 12 17.729  
[TSW99]  229.000                              |12 36 46.78 +62 12 34.1      
[TSW99]  230.000                              |12 36 46.789 +62 11 53.61    
[TSW99]  232.000                              |12 36 46.82 +62 12 09.4      
[TSW99]  233.000                              |12 36 46.84 +62 12 35.2      
[TSW99]  236.000                              |12 36 46.999 +62 12 23.10    
[TSW99]  237.000                              |12 36 47.016 +62 12 05.42    
[TSW99]  238.000                              |12 36 46.9765 +62 11 56.204  
[TSW99]  239.000                              |12 36 47.03 +62 12 26.8      
[TSW99]  241.000                              |12 36 47.210 +62 12 08.63    
[TSW99]  243.000                              |12 36 47.223 +62 11 58.98    
[TSW99]  244.000                              |12 36 47.2921 +62 12 31.108  
[TSW99]  244.100                              |12 36 47.28 +62 12 30.8      
[PVK2003] 000.24431 +14.54463                 |00 00 58.63 +14 32 40.7      
[TSW99]  245.000                              |12 36 47.393 +62 12 15.96    
[TSW99]  246.000                              |12 36 47.407 +62 12 00.61    
[TSW99]  247.000                              |12 36 47.4466 +62 12 08.426  
[TSW99]  248.000                              |12 36 47.47 +62 11 59.8      
[TSW99]  249.000                              |12 36 47.5012 +62 12 11.333  
[TSW99]  250.000                              |12 36 47.505 +62 12 14.11    
[TSW99]  252.000                              |12 36 47.5624 +62 11 53.030  
[TSW99]  253.000                              |12 36 47.62 +62 12 32.6      
[TSW99]  254.000                              |12 36 47.64 +62 12 32.4      
[TSW99]  255.000                              |12 36 47.67 +62 12 09.0      
[TSW99]  257.000                              |12 36 47.67 +62 12 22.1      
[TSW99]  258.000                              |12 36 47.668 +62 12 08.24    
[TSW99]  259.000                              |12 36 47.69 +62 12 19.3      
[TSW99]  260.000                              |12 36 47.74 +62 12 09.3      
[TSW99]  262.000                              |12 36 47.83 +62 12 13.6      
[TSW99]  263.000                              |12 36 47.85 +62 12 13.0      
[TSW99]  264.000                              |12 36 47.8798 +62 12 05.453  
[PVK2003] 000.26499 +14.58019                 |00 01 03.600 +14 34 48.66    
[TSW99]  266.000                              |12 36 48.01 +62 12 26.2      
[TSW99]  268.000                              |12 36 48.10 +62 12 23.7      
[TSW99]  269.000                              |12 36 48.14 +62 12 08.4      
[TSW99]  270.000                              |12 36 48.06 +62 12 22.4      
[TSW99]  271.000                              |12 36 48.21 +62 12 22.3      
[TSW99]  272.000                              |12 36 48.25 +62 12 27.7      
[TSW99]  273.000                              |12 36 48.313 +62 12 22.80    
[TSW99]  274.000                              |12 36 48.357 +62 12 17.27    
[TSW99]  275.000                              |12 36 48.410 +62 12 09.00    
[TSW99]  276.000                              |12 36 48.428 +62 12 26.96    
[TSW99]  277.000                              |12 36 48.42 +62 12 14.8      
[TSW99]  277.110                              |12 36 48.25 +62 12 13.8      
[TSW99]  277.200                              |12 36 48.64 +62 12 15.7      
[TSW99]  277.210                              |12 36 48.63 +62 12 15.9      
[TSW99]  277.211                              |12 36 48.6365 +62 12 16.145  
[TSW99]  278.000                              |12 36 48.50 +62 12 08.4      
[TSW99]  279.000                              |12 36 48.5859 +62 12 26.805  
[TSW99]  280.000                              |12 36 48.5836 +62 12 03.985  
[TSW99]  281.000                              |12 36 48.6308 +62 12 07.866  
[TSW99]  282.000                              |12 36 48.67 +62 12 26.2      
[TSW99]  283.000                              |12 36 48.7584 +62 12 19.134  
[TSW99]  284.000                              |12 36 48.468 +62 12 12.92    
[TSW99]  285.000                              |12 36 48.875 +62 12 20.20    
[TSW99]  286.000                              |12 36 48.90 +62 12 08.7      
[TSW99]  287.000                              |12 36 48.927 +62 12 16.70    
[TSW99]  288.000                              |12 36 48.94 +62 12 08.1      
[TSW99]  288.100                              |12 36 48.979 +62 12 08.06    
[TSW99]  290.000                              |12 36 49.278 +62 12 20.05    
[TSW99]  291.000                              |12 36 49.30 +62 12 10.5      
[TSW99]  292.000                              |12 36 49.3348 +62 12 14.437  
[TSW99]  293.000                              |12 36 49.463 +62 12 22.51    
[TSW99]  294.000                              |12 36 49.504 +62 12 12.05    
[TSW99]  295.000                              |12 36 49.58 +62 12 20.0      
[TSW99]  297.000                              |12 36 49.60 +62 12 14.0      
[TSW99]  299.000                              |12 36 49.94 +62 12 16.0      
[TSW99]  300.000                              |12 36 49.97 +62 12 16.7      
[TSW99]  301.000                              |12 36 50.15 +62 12 17.4      
[TSW99]  302.000                              |12 36 50.17 +62 12 17.0      
[TSW99]  302.100                              |12 36 50.17 +62 12 17.0      
[TSW99]  302.200                              |12 36 50.03 +62 12 16.3      
[TSW99]  303.000                              |12 36 50.26 +62 12 18.0      
[BEH2009] CSWA 3 L                            |12 40 32.284 +45 09 02.85    
[MJ2006] J101052.0+413400.6                   |10 10 51.936 +41 34 00.27    
GSC2 N00012134983                             |23 58 15.11 +15 05 43.6      
SDSSCGA 753.1                                 |13 13 58.378 +53 28 09.24    
SDSSCGA 71.2                                  |02 07 16.135 -01 00 39.64    
SDSSCGB 28.1                                  |15 22 13.389 +27 29 38.25    
SDSSCGB 28.2                                  |15 22 13.446 +27 29 43.93    
SDSSCGB 28.3                                  |15 22 13.196 +27 29 42.26    
SDSSCGB 28.4                                  |15 22 13.656 +27 29 43.82    
SDSSCGA 352.4                                 |13 15 58.077 +21 25 21.67    
SDSSCGB 60.2                                  |15 22 16.257 +19 15 33.88    
SDSSCGB 60.3                                  |15 22 16.287 +19 15 29.21    
SDSSCGB 177.1                                 |12 22 52.879 -03 11 32.29    
SDSSCGB 177.4                                 |12 22 52.943 -03 11 29.59    
SDSSCGB 180.1                                 |13 36 20.224 +18 09 27.55    
SDSSCGB 180.3                                 |13 36 20.023 +18 09 29.28    
SDSSCGB 241.4                                 |13 19 02.239 +20 18 45.10    
SDSSCGB 394.1                                 |12 46 56.149 +23 03 04.64    
SDSSCGB 394.2                                 |12 46 55.837 +23 03 02.39    
SDSSCGB 528.2                                 |15 22 44.913 +08 37 23.97    
SDSSCGB 528.4                                 |15 22 45.056 +08 37 22.81    
SDSSCGB 664.4                                 |14 29 25.335 +29 35 29.49    
SDSSCGB 713.3                                 |14 19 53.220 -02 29 07.53    
SDSSCGB 713.4                                 |14 19 53.473 -02 29 06.49    
SDSSCGB 967.1                                 |14 02 27.027 +54 19 47.89    
SDSSCGB 967.6                                 |14 02 27.785 +54 19 46.76    
SDSSCGB 1124.1                                |23 54 10.263 -10 27 47.13    
SDSSCGB 1124.4                                |23 54 09.900 -10 27 51.20    
SDSSCGB 1168.1                                |12 57 02.873 +33 34 06.26    
SDSSCGB 1168.2                                |12 57 02.894 +33 34 03.21    
SDSSCGB 1168.3                                |12 57 02.474 +33 34 05.82    
SDSSCGB 1220.2                                |03 04 05.468 -08 14 35.41    
SDSSCGB 1220.3                                |03 04 05.205 -08 14 36.19    
SDSSCGB 1314.1                                |12 27 29.363 +42 55 14.31    
SDSSCGB 1314.2                                |12 27 29.131 +42 55 12.85    
SDSSCGB 1447.3                                |10 39 22.517 +13 00 00.18    
SDSSCGB 1451.2                                |12 44 53.731 +34 41 48.96    
SDSSCGB 1451.3                                |12 44 53.763 +34 41 44.08    
SDSSCGB 1451.4                                |12 44 53.865 +34 41 49.72    
SDSSCGB 2344.2                                |13 45 57.901 +20 44 40.90    
SDSSCGB 2344.4                                |13 45 58.150 +20 44 44.43    
SDSSCGB 2810.1                                |12 44 48.700 +20 16 28.62    
SDSSCGB 2810.3                                |12 44 48.401 +20 16 32.36    
SDSSCGB 3080.1                                |08 27 57.182 +30 37 35.05    
SDSSCGB 3080.4                                |08 27 57.022 +30 37 32.57    
[GPJ2005] E                                   |13 34 41.3 -23 26 41         
[DRL2005b] 06035-7102E                        |06 02 54.0 -71 03 12         
[MLM91] IRAS 19254-7245 N                     |19 31 21.3 -72 39 14         
[FW2004] QSO J2142-4420 abs 2.3797            |21 42 25.81 -44 20 17.2      
[FW2004] QSO J2142-4420 abs 2.3804            |21 42 25.81 -44 20 17.2      
[GPM2009] PHL293B                             |22 30 36.8 -00 06 37         
[PDJ2009] PRG1                                |14 35 12.439 +35 11 07.16    
[DPF2010] GRB 090205 Host G                   |14 43 38.70 -27 51 10.0      
[NOS2013] COSMOS-08501                        |10 01 16.800 +02 05 36.26    
[LLS2009] FG1.20                              |16 04 15.936 +43 20 37.44    
[LLS2009] 16XR1.26                            |16 04 21.504 +43 14 40.89    
[LLS2009] 16XR1.72                            |16 04 15.031 +43 19 25.97    
[LLS2009] 16XR1.97                            |16 04 22.625 +43 17 33.55    
[LLS2009] 16XR2.19                            |16 03 25.950 +43 21 24.44    
[LLS2009] FG2.24                              |16 04 25.675 +43 20 57.95    
[LLS2009] GHF2.61s2                           |16 03 59.125 +43 24 48.26    
[LLS2009] GHF2.61s3                           |16 03 58.054 +43 24 47.87    
[LLS2009] 16XR3.26                            |16 03 52.427 +43 22 55.82    
[LLS2009] 16XR3.44                            |16 00 04.165 +43 17 12.12    
SDSSCGB 1011.1                                |08 54 47.640 +35 47 06.37    
[TSW99]  216.000                              |12 36 46.5907 +62 11 57.484  
[TSW99]  296.000                              |12 36 49.6084 +62 12 12.680  
3C  22.0                                      |00 50 57.0 +51 12 04         
3C  37                                        |01 18 18.4869 +02 58 05.733  
3C 324.0                                      |15 49 48.9 +21 25 38         
[BM2000] 1123.6+0628.6                        |21 53 40.8 +17 44 15         
[BM2000] 1586.4+0438.2                        |21 53 45.55 +17 41 47.8      
