12.997 27.9761
12.9977 27.985
12.9979 27.9839
12.9958 27.9817
12.9967 27.9944
12.9976 27.9932
12.9982 27.9821
12.9958 27.9687
12.9978 27.9961
12.9983 27.9727
12.9953 27.9794
12.9955 27.9672
12.995 27.9802
12.997 27.9551
12.9969 27.955
12.9949 27.9783
12.9977 27.9569
12.9979 27.9568
12.9969 27.9531
12.9953 27.9984
12.9981 28.0029
12.9971 27.9518
12.9967 27.9503
12.9988 27.9633
12.9979 27.9494
12.9943 27.9778
12.9993 27.9941
12.9991 27.9994
12.9997 27.9778
12.9946 27.9586
12.9948 27.953
12.9996 27.9655
12.9947 27.9523
12.9976 28.0202
12.9946 27.9508
12.9942 27.9592
12.9951 28.0151
13 27.9883
13 27.9895
12.9936 27.9799
12.9936 27.9723
12.9995 27.9542
12.9979 27.9383
12.995 27.9428
12.9956 27.9376
12.9947 27.9431
12.9983 27.9375
12.9933 27.9681
12.9941 27.9496
12.9999 27.9526
12.9931 27.9806
12.9976 27.9317
12.9991 28.0211
12.9939 27.949
13.0005 27.9948
12.9942 28.0198
12.9972 27.9271
12.9928 27.995
12.9968 28.0366
12.9962 27.9242
12.9952 28.034
12.995 28.0331
12.9928 28.0019
13.0007 27.9525
12.9934 27.9441
12.9972 27.9221
13.0012 27.9704
12.9924 27.9753
12.9924 27.9906
12.998 27.9219
12.9934 28.0201
12.9964 27.9191
12.9933 27.9401
12.9945 27.9273
12.9938 27.9325
12.9944 27.9261
13.0009 27.9467
12.997 27.9171
13.0008 27.945
12.9921 27.9634
12.9925 27.9506
13.0019 27.99
12.9919 27.9905
12.9933 28.0283
12.9964 28.0483
12.9922 28.01
12.9969 27.9117
12.9921 28.0092
13.0015 27.9456
12.9932 27.9281
13.0021 27.9992
13.0014 27.9415
12.995 27.9117
12.9966 27.9072
12.993 28.0337
12.996 28.0537
13.0022 28.0056
12.9919 27.9456
12.9996 27.9139
12.9922 28.0244
12.9987 28.0525
12.9926 28.0313
12.9953 27.9069
12.9925 27.9308
12.991 27.9831
13.0021 28.0144
12.9952 27.9056
13.0028 27.98
12.9944 28.0534
12.9914 27.9453
13.0022 27.9432
12.9923 27.928
13.0029 27.9747
12.9955 28.0592
12.9946 27.9053
13.0012 28.0391
12.9928 27.9183
12.9974 27.8986
13.0015 28.0361
12.9905 27.975
13.0019 28.0322
12.9917 28.0304
12.9914 28.0256
12.9994 27.9028
12.9968 28.0656
12.9906 27.9639
12.9956 28.0647
12.9925 27.9169
12.9947 27.8986
12.9944 28.0628
13.0036 27.9906
13.0029 27.9381
13.0027 28.027
12.9908 27.9403
12.9928 27.9077
12.99 27.9829
12.9979 27.8906
12.9906 28.0178
12.991 28.0295
12.9978 27.8883
12.9901 28.006
12.9917 28.0438
12.9898 27.982
12.9909 27.9286
13.0022 27.9173
12.9988 28.0722
13.0038 28.0042
12.991 28.0368
12.992 27.9083
12.9948 28.0736
12.9907 28.0345
13.0039 28.0073
13.0011 28.0606
12.9897 27.9528
12.9897 27.9514
12.995 27.8846
13.0025 28.0458
12.9895 27.9603
13.0008 27.895
13.0045 27.9841
12.9972 27.8786
13.0032 27.923
12.9969 27.8781
12.9918 28.0581
13.0046 27.9741
13.0036 28.0314
12.9893 28.005
12.9892 27.9566
13.0011 28.0689
12.9985 27.8775
13.0041 28.026
12.9918 27.8978
13.0014 27.8922
13.0049 27.9688
12.9891 27.9531
12.9893 28.0169
13.0038 28.0374
12.9965 27.8727
13.0003 27.8822
13.0045 27.9418
12.9891 28.0156
12.9887 27.9939
13.0046 27.9441
13.0051 27.9715
12.9943 27.8761
13.0051 27.975
13.0052 27.973
13.0034 27.9122
13.0052 27.9714
13.0044 28.0295
13.0053 27.9668
12.9932 27.8797
13.0038 28.0455
12.9934 28.0844
13.0055 27.9847
12.9938 27.8733
13.0055 27.9767
12.9983 27.867
13.005 28.0224
13.0013 27.8806
13.0045 27.9228
13.0026 28.0692
13.0056 27.9672
13.0034 27.9016
12.9881 27.9878
12.9894 28.0433
12.9966 28.0976
12.9915 28.0747
12.9882 27.9551
12.9992 27.8663
12.9923 28.0829
12.9927 27.8744
12.9924 28.0846
13.0016 28.0825
12.988 28.0083
13.0019 27.8803
13.0057 27.95
12.9915 28.0786
13.006 27.9711
13.0033 28.0675
12.9899 28.0606
13.0045 27.9123
13.0018 28.0843
13.0043 27.908
12.9922 27.8747
12.9884 27.9314
13.0039 27.8995
12.9944 27.8608
13.0051 27.9213
12.9875 27.9655
12.9993 27.8594
12.995 28.1039
12.9909 27.8825
12.9986 27.8567
12.9877 28.0192
12.9877 28.0169
12.9998 27.8593
12.999 28.105
13.0056 28.0339
13.0044 27.9015
13.0064 27.9969
13.0047 27.9042
12.9965 27.8519
13.0039 28.0687
12.996 27.8522
12.9872 27.9628
12.9995 27.8555
12.9871 27.9759
12.9888 27.9054
12.9943 27.8546
13.0063 28.0157
12.9874 27.9411
12.994 27.8544
12.9938 28.1061
12.9879 27.9226
13.0068 27.9892
13.0049 28.0596
13.0043 28.0701
12.9876 27.9259
13.0033 28.0844
12.989 28.0661
13.0033 28.0851
13.0021 28.0964
13.0061 28.0393
12.9925 27.8574
12.9867 27.9579
12.9866 27.9982
13.0061 28.0417
12.995 28.1153
12.9972 27.8432
12.9917 28.1
12.9872 28.0328
13.0073 27.97
12.9876 28.046
13.0022 28.0995
13.007 27.9439
13.0063 27.921
13.0064 27.9209
12.9872 28.0372
12.9919 27.8575
13.0073 27.9605
13.0074 27.9981
12.9912 27.8621
13.0036 28.0889
12.9886 28.0685
13.0021 27.8583
13.0069 27.9319
12.9966 27.8385
12.9961 27.8385
12.9861 27.975
13.0029 27.8623
12.9947 28.1203
13.0059 28.0575
12.9866 27.9373
12.9924 27.8507
12.9861 27.9756
13.0077 27.9878
12.9868 28.035
13.0042 28.0869
12.9934 27.844
12.9861 27.9544
12.9884 27.8894
12.9992 27.8392
13.0076 28.0095
12.9976 27.8358
12.988 27.8951
13.0054 28.0729
12.9863 28.0206
12.9965 27.8349
13.0065 28.0505
12.9867 27.9242
12.9867 27.9229
13.0079 27.9831
13.0075 28.0222
13.0034 28.0993
13.008 27.9942
12.9978 27.8332
13.0057 28.071
12.9879 27.8914
12.9872 27.9058
13.0081 27.9906
12.9857 27.9703
13.0055 28.0759
12.9931 28.1219
12.9864 28.0383
12.9858 27.9483
13.0075 27.9284
13.0056 27.8844
13.0083 27.9686
12.9957 27.8298
13.0082 27.9555
12.9973 27.8288
13.0048 27.8704
12.9967 27.8281
13.0043 28.0975
12.9965 27.8269
12.9915 27.8439
12.9877 27.8861
13.0073 28.0492
12.9907 27.8488
12.9926 27.8364
13.0068 28.0619
13.0086 27.9744
13.0061 28.0782
12.9853 27.9516
13.0075 27.9148
12.9852 27.9597
12.9931 28.1292
12.9919 28.1225
12.9979 27.8236
13.0083 28.0268
13.0075 28.0538
13.0083 28.0264
12.9926 27.8319
13.0071 27.8987
13.0022 28.1228
13.0072 28.0625
13.0089 27.9781
12.9993 28.1367
13.0025 27.8398
13.0072 28.0624
13.0002 27.8267
13.0011 28.1306
12.9916 28.1253
13.009 27.9758
13.0088 27.9531
12.9896 28.1094
12.9964 27.8191
13.0091 27.9863
13.009 28.0035
13.0079 28.0517
13.0077 28.0567
12.9989 27.8201
13.0074 28.0667
13.0092 27.9956
13.0092 27.9798
13.0088 28.0227
12.9915 27.8328
12.9899 27.8447
12.9912 27.8336
13.0064 27.8736
13.0093 27.9906
12.9929 27.8235
12.9911 28.1281
13.0076 27.8943
12.9843 27.966
12.9842 27.986
12.988 27.8606
13.0095 27.9716
12.9842 27.9749
13.0096 27.9785
13.009 28.0336
12.9874 28.094
13 27.8167
12.9917 27.826
12.9914 28.1339
13.0095 28.0061
13.0075 28.075
13.0029 28.1303
13.0033 28.1275
13.0078 28.0698
13.0017 27.8226
13.0089 28.0414
13.0086 28.0536
13.0091 27.9214
12.984 27.9501
13.0097 27.9499
12.9873 28.0994
13.0035 27.83
13.0083 28.0669
13.0099 28.0053
12.986 28.0791
12.9945 27.8078
13.0101 27.9734
12.989 28.1225
12.9946 27.8067
12.9907 27.8236
12.9877 27.8517
12.9891 27.8367
13.0096 27.9276
13.0102 27.9614
12.9854 28.0711
12.9837 27.9472
13.0085 28.0685
13.0099 28.0238
13.01 28.0167
13.0071 27.8649
13.0103 27.9687
12.9925 27.8109
12.9837 27.9382
13.0015 28.1494
13.0091 28.0589
12.9837 27.9384
12.984 28.0369
12.9945 27.8031
12.9833 28
13.0095 27.9131
13.0105 27.9779
12.9962 27.7999
12.9908 27.8181
12.9833 27.9985
13.0105 27.9953
13.0093 28.0569
12.9832 27.9936
13.006 27.8452
13.0092 28.0601
13.0094 28.0548
13.0093 27.9023
13.0095 28.0537
13.0101 27.9263
13.01 28.0412
13.0085 27.8796
13.01 27.9182
12.9851 27.8806
12.9998 27.7987
13.0103 27.9246
13.0109 27.9633
13.0108 28.0098
12.9832 27.9323
12.9827 27.9869
12.9835 27.9158
13.0099 28.0554
13.0032 27.8118
13.0101 28.0489
13.0111 27.9967
13.0112 27.9731
12.9894 27.8186
13.011 28.0116
13.0054 28.1336
12.9866 27.8481
13.0111 28.0067
12.9827 28.0093
13.0111 28.0036
12.9859 27.8571
13.0102 27.9075
12.9843 28.075
12.9827 28.0168
13.011 27.9406
13.011 28.02
13.0103 27.9087
12.9879 27.8292
13.004 27.8125
12.9984 27.788
12.9822 27.9672
13.0097 28.0758
12.9879 27.8256
12.9848 27.8675
13.005 27.8165
12.9883 27.8193
12.9929 27.7903
12.9827 27.9192
12.9819 27.9682
12.9928 28.1725
12.9832 28.0667
12.9918 28.17
13.0063 27.8208
13.0121 27.9891
13.0122 27.9833
13.0072 27.8312
12.9952 28.1823
12.9845 28.1006
12.9906 27.7951
13.0122 27.9977
13.0109 27.8967
12.9831 28.0775
12.9836 27.8729
12.9995 27.7774
13.0109 28.0698
13.0054 28.1539
13.0125 27.9949
13.0118 28.0448
12.9821 27.9075
13.0108 27.8835
13.0109 28.0771
13.0043 28.1653
12.9823 27.896
13.012 28.0457
13.0028 28.1759
13.0122 28.0369
13.0124 28.0291
13.0118 28.0572
12.981 27.9524
13.0126 27.9422
12.9866 27.817
12.9922 28.1842
12.9867 27.8147
12.9815 27.9166
12.989 27.7923
13.0112 28.0818
12.9807 28.0099
13.0132 27.975
13.0132 27.9935
12.9825 28.085
13.0032 27.7802
12.9813 27.9103
12.9913 27.7759
13.0133 27.9944
13.0109 27.8667
13.0132 28.0116
12.9932 28.1936
13.0126 27.9172
12.9809 28.0379
13.0133 28.0011
13.0123 28.0593
13.0005 27.7666
12.9999 28.1964
12.9851 27.8257
13.0131 27.9331
12.9818 27.8854
13.0124 27.897
13.0123 28.0659
12.9801 27.964
13.0134 28.0251
12.9979 28.2041
13.0126 28.0627
13.0135 28.0198
13.0123 28.0743
13.0128 28.0599
13.0135 28.0281
12.9937 27.7594
13.0056 27.7875
13.008 27.81
12.9979 28.2056
13.0119 28.0865
13.0049 27.7819
12.9844 27.8264
12.997 27.7543
13.0118 28.0899
12.994 28.2041
12.9937 27.7577
12.9844 27.8248
13.0033 28.1917
12.9851 27.8136
13.014 28.0104
12.9831 28.1181
12.9796 27.9814
12.9976 27.7513
12.9903 27.7681
12.9842 27.8232
12.984 27.825
13.0092 27.8172
12.9843 28.1422
12.9846 28.1458
12.9803 28.0568
13.008 27.8013
12.983 28.1242
12.9802 27.9076
12.9975 27.7473
13.0125 28.0891
13.0144 28.0171
12.9835 28.1361
13.0146 27.9992
13.0091 28.1511
12.9799 27.9103
13.0064 27.7809
13.0087 27.8041
12.984 27.8149
12.9867 27.7847
13.0123 27.8583
13.009 27.8056
12.9828 27.8325
12.9853 28.1633
12.9956 27.7425
12.9882 28.1897
13.0114 27.8398
12.9798 27.902
13.0147 28.0209
13.0132 28.0831
13.0007 28.2153
12.9834 27.8191
12.9861 27.7861
13.0139 27.8948
13.0141 28.0657
13.0152 27.9976
12.9848 27.7966
13.0142 28.0632
13.0132 28.0928
12.9954 27.7367
12.9819 27.8364
13.0153 27.9908
12.9947 27.7372
12.9827 28.1394
12.9884 28.1996
12.9801 28.0869
13.0034 28.2119
13.0152 27.9376
13.0154 27.9556
12.9846 27.7944
13.0059 27.7639
12.9894 27.7535
12.9901 28.2134
12.98 28.0917
12.9822 27.8245
12.9946 28.2292
12.9901 28.2144
12.9819 27.8264
13.0014 27.7364
13.0073 28.1908
12.9964 27.7281
12.9854 27.7786
12.985 27.7825
13.0051 28.2101
12.9817 27.825
13.0147 28.0766
13.0022 28.2264
12.9997 28.2347
13.015 27.8887
12.9781 28.0458
12.9831 28.1625
12.995 27.7238
13.0125 27.8245
12.9841 27.7833
13.0003 28.237
12.9899 28.2247
12.9773 27.946
12.99 27.735
13.0133 27.8356
12.9901 28.2281
12.985 27.7694
12.9769 27.9678
12.9865 28.2067
13.0118 27.8048
13.0165 28.0327
13.0167 28.0252
13.0109 27.7899
13.0167 28.0323
13.016 27.8936
12.9936 28.2447
12.9804 27.8241
13.0171 27.9969
12.9799 27.8306
13.0135 27.8239
13.0172 28.0109
12.9921 27.7162
12.9815 27.8
12.9916 27.7175
12.9956 28.2528
12.9834 28.1869
12.9889 28.2325
12.9839 27.7679
13.0053 27.731
12.9896 27.7236
12.9822 27.7861
13.0003 28.2514
13.0164 28.0731
13.0142 27.829
12.9814 27.795
13.0174 28.0264
13.0177 27.9806
12.9762 27.9397
13.0176 28.015
12.9853 28.2111
12.9807 27.8053
12.993 28.2539
12.9833 27.7681
12.9802 27.8102
12.9764 28.0486
12.992 27.7083
12.9946 28.2592
13.0138 28.1481
12.9766 28.0643
13.015 27.8363
12.9768 28.0711
13.0053 28.2381
12.991 28.2506
12.9851 27.7458
13.0181 27.9708
13.0182 27.9819
12.9764 28.0642
12.9909 28.2524
12.9825 27.7703
12.9766 28.0717
12.9905 28.2518
12.985 27.7446
13.014 27.8104
12.9757 27.9311
12.9828 27.7659
13.0179 28.0389
13.0011 28.2597
12.9835 27.7576
13.0159 28.1136
13.016 27.8489
12.9922 28.2607
13.0186 27.9828
12.995 28.2675
13.0152 27.8231
13.0187 27.9981
12.9782 27.8281
12.9818 28.1933
13.0181 28.0597
12.9779 27.8319
13.0123 27.7715
12.9841 27.7415
13.0187 27.9339
12.9861 27.7244
12.9808 27.7791
13.0172 28.1014
12.9826 27.7523
13.0185 27.8997
12.9794 28.1694
13.0164 28.1289
12.9773 27.8321
12.9813 27.763
13.0162 28.1373
12.9925 28.2748
12.9754 27.884
12.9988 28.2806
12.9789 27.7969
12.9929 28.2771
12.9825 28.2147
13.0196 28.0044
12.9789 27.7944
12.985 28.239
13.0165 28.1356
12.9772 28.1375
12.9957 28.2836
13.0187 28.0742
12.9876 28.2593
12.9794 27.7822
13.0198 27.9544
13.0146 27.7856
12.9851 28.2432
12.9738 27.9983
12.9867 28.255
12.9792 27.782
12.9902 28.2744
12.9792 27.7808
12.9834 27.7306
13.0198 28.0387
13.0191 27.8847
13.0192 27.8861
12.9746 27.8808
12.9753 27.8554
12.9748 28.0881
12.9821 28.2253
13.0184 28.1126
13.0143 27.7677
12.9746 27.8725
12.9776 28.1653
13.0206 27.9778
13.0063 28.2714
12.9733 28.047
12.9745 28.0974
13.0208 28.0164
12.9878 28.2761
12.9829 28.2411
12.9876 28.2761
12.9739 28.0819
13.021 27.9822
12.982 28.2341
12.9794 27.7569
13.0209 27.9292
13.0208 28.0392
12.9808 27.7375
12.9776 27.7811
12.9892 27.6694
12.9804 28.2259
12.9861 28.2761
12.979 27.7504
12.9797 27.7403
12.9782 27.7586
12.9868 28.2856
13.002 28.3067
12.9723 27.9053
13.0214 28.0608
12.9716 27.9808
13.0055 28.2968
13.0103 28.2667
13.0102 28.2686
12.9895 28.3044
13.0173 27.7753
13.0173 27.7754
12.9816 28.2553
12.9758 27.7847
12.9753 28.1686
13.0065 27.6633
12.9861 28.2919
12.9766 27.7669
13.0069 28.2978
12.9829 27.6897
12.9836 27.6844
12.9791 28.2337
12.9729 27.8436
13.0227 28.0297
13.0106 27.6872
13.0227 28.0339
12.9889 27.6506
13.0219 27.8811
12.9714 27.9003
13.0026 28.3197
12.9753 27.7822
13.0228 28.0397
12.9709 27.92
12.9736 28.1466
12.9715 28.0809
12.9757 28.1914
12.9867 27.6569
12.9811 28.2628
12.9827 27.6836
13.0227 28.0653
13.0141 28.2506
12.9818 28.2738
13.0181 28.1968
12.9706 27.9117
12.9799 28.2559
12.9798 28.2556
13.0187 27.7747
12.9742 28.1742
13.0199 27.7958
12.9985 28.3379
13.0226 28.0908
12.9702 27.9125
12.9704 27.905
13.0237 28.0389
12.9709 28.0878
12.9703 28.0628
13.0179 28.2107
12.9704 27.8928
12.9846 28.3044
12.9755 28.2083
13.0201 28.1728
13.0163 27.7242
13.022 27.8342
12.9941 28.3444
12.9803 28.2761
12.996 27.6119
12.9855 27.6436
13.0243 27.9131
12.9876 27.6319
12.98 28.275
13.0135 27.6833
12.9688 27.9478
13.0244 28.0594
12.9691 27.9175
13.0164 27.7125
13.0126 27.671
12.9691 28.0444
12.9741 27.7586
12.9734 28.1911
12.9692 27.8917
12.9826 27.6543
12.9818 28.3023
13.0129 27.6675
13.025 28.0528
13.0255 27.9694
13.0132 27.6684
13.0256 27.9917
12.9732 28.1975
12.9757 27.7206
13.0221 28.1681
12.9762 27.7142
13.0132 27.6656
13.0092 28.3269
13.0253 27.9119
12.9756 28.2411
12.9682 27.9236
13.0256 28.0299
12.9815 28.3086
13.0239 28.1261
12.985 27.6267
12.9767 28.2622
12.9932 27.5956
12.9813 27.6511
12.978 27.6828
13.0244 27.846
12.9677 27.9338
12.9693 28.1161
12.9792 28.2933
12.9783 27.6772
13.0264 27.9803
12.9843 28.3354
12.9784 28.2871
13.0246 27.8439
12.9722 27.7625
13 27.5897
13.0192 28.2401
12.9835 27.6289
13.0127 28.3136
13.0199 28.229
13.025 27.8528
13.0249 27.8476
13.0203 28.2251
12.9828 28.3306
13.0268 27.9625
12.9746 28.2464
12.9701 28.1592
12.9922 27.5878
12.9787 28.2978
13.0256 27.8653
12.9726 27.7467
12.9782 28.2936
12.9761 28.2714
12.9853 28.3506
13.0238 28.1644
13.0272 27.9894
12.988 27.596
13.0176 28.2744
13.0226 28.1989
13.0256 27.8419
13.0144 28.3144
12.9688 28.1469
12.9839 28.3497
12.975 28.2669
12.9875 27.5928
12.9765 28.2861
12.9846 27.6072
12.9731 28.2405
13.0211 27.7294
13.0209 27.7243
13.0271 27.9011
12.9951 28.3892
13.0056 27.5875
13.0086 28.3597
13.0212 27.7281
13.0224 27.7492
13.0118 28.3406
12.9816 28.3391
13.0172 28.2922
12.9728 28.243
13.0209 28.2447
12.9692 28.1711
12.991 28.3869
12.996 27.5669
12.973 28.2492
12.9921 27.5703
12.9729 28.2485
12.9681 27.8169
13.0245 28.1778
12.9837 28.3581
12.9658 27.9186
13.0111 28.3519
13.0146 27.6372
13.0149 28.3222
12.9883 28.3828
12.9676 27.8223
12.9999 28.3972
13.0241 28.1947
12.9724 27.7144
13.0196 28.2767
12.9831 27.6
12.9751 28.2889
13.028 28.0722
13.0287 28.0189
13.0192 27.6792
12.9669 27.8319
12.9772 28.3156
12.9964 28.4053
13.0281 28.0772
12.966 28.0967
12.9825 27.6003
12.9649 27.9336
12.9955 28.4072
13.0251 28.1903
12.9828 27.5947
12.9646 28.0164
13.0267 28.15
13.0263 28.1617
12.9675 28.1642
12.9875 28.3925
13.0184 28.3036
12.9698 27.7425
13.0267 28.1517
13.0293 28.0111
12.9799 28.3503
12.9646 28.05
12.9641 28.0036
13.0286 27.8722
12.964 27.9825
13.0119 27.5931
12.9753 28.3108
12.9742 27.6639
13.0074 27.5661
12.9735 28.2897
12.9908 28.4106
12.9915 28.4125
12.9779 28.3403
13.0247 28.2183
12.996 28.4203
12.9781 27.6175
13.0017 28.4172
12.9733 27.6673
13.0084 28.3961
12.9663 28.1608
12.9763 27.6314
13.0295 27.8869
12.9642 27.8893
13.0243 28.2353
13.0304 27.9681
13.0247 27.7325
13.0256 28.2123
12.9944 27.5358
13.0227 27.695
12.9824 28.3833
12.9639 28.0744
13.0257 28.2131
12.9756 28.3275
13.0258 28.2117
12.965 28.1317
13.0258 28.2147
12.9905 28.4219
12.9742 28.3169
13.0297 27.8586
12.989 28.4203
12.9706 27.6911
12.9844 27.5591
12.9843 27.5589
12.9627 27.9408
12.9813 28.3856
13.031 27.9339
12.9674 28.2172
12.9731 27.6492
13.029 28.1528
12.9739 28.3247
12.9631 28.0906
13.0227 27.6725
12.9834 28.4061
12.9632 27.8603
12.9886 28.4297
13.0186 28.3424
12.9794 28.3814
13.0197 28.3308
12.9625 28.0622
12.9697 27.6901
12.9621 27.9372
13.0211 28.3144
12.9942 27.5189
13.0297 28.1419
13.0222 28.3008
12.9633 28.1167
13.0226 28.2969
12.9643 28.1564
13.0284 28.1872
13.0202 28.3294
13.0188 27.6139
13.0312 28.0878
12.9808 28.3972
12.9713 28.3044
13.0267 28.2331
12.9646 27.7903
13.0312 27.8708
12.9883 28.4358
12.9743 27.6194
13.0253 28.2617
12.9713 28.3069
13.0066 27.5286
13.0312 27.8631
12.9754 28.3561
13.0324 27.9939
12.9724 28.3222
12.976 27.5995
12.9751 28.3533
12.9788 27.5742
13.0278 28.2169
12.9933 28.4508
13.0216 28.3214
13.0299 28.1611
12.9657 28.2122
12.9753 27.604
13.0301 27.8061
13.0322 27.9083
12.966 27.7417
12.9744 27.6115
12.9911 28.4489
12.9738 27.6175
13.0274 28.2322
12.9774 27.5804
13.0103 27.5383
12.9764 27.5888
12.9746 27.6049
12.9864 28.4389
12.9812 27.5483
13.0289 28.2061
13.0075 28.4393
12.9665 28.2428
12.9843 28.4311
12.9606 28.0028
12.9615 28.0861
13.0221 27.6367
12.9729 27.62
13.0328 27.9147
12.9784 27.5671
13.0318 27.8508
12.9728 27.6207
12.9742 27.6046
13.0067 27.5167
12.9611 27.8942
12.9794 27.5575
12.9609 28.0583
12.9619 28.1144
13.0042 27.5075
12.9734 28.3522
12.9741 27.6017
13.0298 27.7711
12.9738 27.605
12.9801 27.5497
12.9666 27.7094
12.9734 27.6089
12.9922 28.4617
13.0162 28.3931
13.0254 27.6775
12.9773 27.5705
12.973 27.6126
12.9737 27.604
12.9853 27.5194
12.986 28.445
12.9851 28.4411
12.9712 27.6335
12.9769 27.5729
12.9768 27.5737
12.9777 27.5658
13.0244 27.6594
12.9808 27.5432
12.9603 27.9328
13.0028 28.4614
12.9789 27.5556
12.9933 27.4953
12.9788 27.5561
12.9746 27.5921
12.962 27.8203
12.9737 27.6
12.9705 27.6382
12.977 27.5683
13.0332 27.8936
13.0162 28.3985
12.96 28.0214
12.9716 27.6219
12.9725 27.6117
12.9714 27.6239
13.0019 27.4939
13.0138 28.4181
12.9645 27.7394
12.9702 27.6391
12.9881 28.4592
12.9702 27.6381
12.9652 27.7228
12.9742 27.5907
12.9788 27.5502
12.9792 27.5464
13.0084 28.4507
12.978 27.554
12.9917 27.4908
13.006 27.5011
12.9959 28.4753
12.9751 27.5778
12.9596 27.9286
12.9747 27.5809
12.9613 28.1389
12.9787 27.5456
12.9702 27.6306
12.9595 27.9272
13.0082 28.4557
13.0327 27.8294
12.9619 27.7961
12.9617 27.8027
12.9754 27.5702
12.98 27.5337
13.0261 27.6647
12.972 27.6039
12.9795 27.5357
13.0263 27.6676
12.9625 27.7711
12.9749 27.573
13.0288 28.2508
13.0099 27.5094
12.9615 27.802
12.9696 27.6329
12.9928 27.4814
12.9834 27.5109
13.0045 27.4883
12.9616 27.7956
12.9833 27.5109
12.973 27.5897
12.9781 27.5436
12.974 27.5789
12.9745 27.5743
12.9752 27.5661
12.9825 27.5134
12.9806 28.4372
12.9713 27.6066
12.9815 27.5181
12.9718 27.5994
12.9695 27.6287
12.9741 28.3867
12.9802 27.5253
13.0169 27.5503
12.9687 27.6384
12.9777 27.5429
12.9717 28.3632
12.9835 27.5056
12.9781 27.5386
12.9777 27.5419
12.9586 28.0147
13.0131 28.4403
12.9606 28.1458
12.984 27.5025
12.9743 27.5703
12.9756 27.558
12.9697 27.622
12.9607 28.1539
13.0043 27.4814
12.9605 28.1458
12.9757 27.5555
12.9755 27.5578
12.9726 27.5858
12.9743 27.5686
12.9595 28.1056
12.9818 27.5117
12.9584 28.0094
12.9774 27.5407
12.9717 27.5941
12.9826 27.5063
12.9825 27.5067
12.9845 27.4965
12.9761 27.5506
12.9847 27.4959
12.9806 27.5172
12.9847 27.4957
12.9748 27.562
12.9695 27.6205
12.982 28.4525
12.9781 27.5342
13.0182 27.5547
12.9956 28.4917
13.0195 28.3953
12.975 27.5589
13.0306 28.2306
12.969 27.6259
13.0353 27.9306
12.9765 27.5451
13.0312 28.2186
12.9602 27.8186
12.9767 27.5431
12.9676 27.6459
12.9854 27.4908
12.9849 27.493
12.9853 27.4911
12.9943 27.4685
13.0192 28.4008
13.0155 27.5308
12.9672 27.6496
12.9608 27.7906
13.0201 28.3928
12.9674 27.646
12.9748 27.5567
12.9794 27.5203
13.0118 27.505
12.972 27.5842
12.9644 27.6975
12.9673 27.6456
12.98 27.5157
12.9631 27.7247
12.967 27.6488
12.9849 27.4891
12.9812 28.4539
13.0173 27.5408
12.9724 27.5783
12.9688 27.623
12.9672 27.6465
12.9826 27.4996
12.9683 27.6285
12.9701 27.6046
12.9819 27.503
12.9773 27.5328
13.0266 28.3175
12.9729 27.5721
12.9666 27.6536
13.0325 27.7697
12.9765 27.5392
12.9937 28.4969
12.9664 27.6565
12.9743 27.5576
12.9714 27.5873
12.9718 27.5826
12.979 27.5194
12.9901 27.4697
12.9744 27.5559
12.9579 28.0311
12.9588 27.8594
12.9592 27.8391
12.9831 27.4945
12.9922 28.4963
13.0301 27.7058
12.96 28.1594
12.9856 27.4824
12.9696 27.6067
13.0338 27.8039
13.0307 27.7169
12.9681 27.6258
12.9804 27.5076
12.9745 27.5528
12.9749 27.549
12.9731 27.566
13.0299 28.2642
12.9665 27.6496
13.0336 27.7953
12.9579 28.0622
12.983 27.4922
12.9737 27.559
12.9778 27.5243
13.0314 27.7306
13.0308 27.7161
12.9712 27.5851
12.9738 27.5575
12.9744 27.5514
13.0128 28.4589
12.9689 27.6117
12.9697 27.6016
12.9587 28.1167
12.9908 28.4975
12.9695 27.6032
12.9588 27.8406
12.9718 27.5758
12.9589 27.8375
12.9702 27.5935
12.9859 27.4764
12.9773 28.4378
12.9787 27.5136
12.9701 27.593
12.981 27.4987
13.0329 28.2039
12.9827 27.4892
13.0254 27.6153
13.0363 28.0483
12.9781 27.5165
12.9822 27.4912
12.9806 27.4995
12.9586 27.8355
12.9595 28.1656
13.0246 27.6019
12.9751 27.5392
12.9746 27.543
12.9812 27.4954
12.9757 27.5334
12.9717 27.5706
12.9675 27.6239
12.9723 27.5645
12.9767 27.5249
12.9795 27.5045
12.9794 27.5044
12.9959 27.451
12.9816 27.4907
12.9717 27.5688
13.0051 28.4994
12.9738 27.5474
12.9807 27.4954
12.9576 28.0847
12.9684 27.608
12.9795 27.5025
12.9822 27.4866
13.0307 28.2672
12.9797 28.4617
12.9816 27.4892
12.9791 27.5039
12.9984 28.5122
12.9636 28.2806
13.017 27.5203
12.9736 27.5466
12.9986 27.4483
12.9723 27.5589
12.9722 27.5596
12.9822 27.4843
12.9798 27.4979
12.9576 28.1
12.9686 27.6007
12.9733 27.5486
12.9845 27.4729
13.0353 27.8206
12.9862 27.4659
12.9682 27.606
12.9682 27.6046
13.0369 27.9211
12.9605 28.2136
12.9727 27.5524
12.9643 27.6642
12.9785 27.5039
12.9717 27.5619
12.9701 27.5796
12.9661 27.6325
12.9859 27.4641
12.9692 27.5891
12.9568 27.9006
12.969 27.5902
12.984 27.4709
12.9718 27.5583
12.9834 27.4729
12.9835 28.4897
12.9797 28.4698
12.98 27.4901
12.9666 27.6203
12.9811 27.4823
12.9746 27.5278
12.9839 27.4676
12.9595 27.762
12.9719 27.5527
12.9738 27.5348
12.9791 27.4936
12.9598 28.2108
12.9851 27.4619
12.9765 27.5108
12.9794 27.4909
12.9727 27.5438
12.9573 27.8408
12.9617 28.2586
12.9819 27.4758
12.9772 27.5052
12.974 27.5306
12.9724 27.5453
12.9738 27.5317
12.9853 27.4594
12.9795 27.488
12.9643 27.6492
13.0376 28.0558
12.9662 27.6193
12.9772 27.5028
12.9568 27.8578
12.9791 27.4895
13.0328 28.2472
12.9723 27.5434
12.9852 27.4579
12.9846 27.4604
12.9814 27.4754
12.9756 27.5139
12.9671 27.6033
12.9802 27.4816
13.0325 28.2561
12.9742 27.5241
12.9764 27.5064
12.9643 27.646
12.9774 27.499
12.9611 28.2558
12.9656 27.6239
12.9765 27.5044
12.9647 27.6369
12.9667 27.6063
12.9713 27.5502
12.981 27.4746
12.9714 27.549
13.0326 27.7039
13.0379 27.9111
12.9709 27.553
12.9799 27.4799
12.9681 27.5858
12.9708 27.5535
12.9664 27.6076
12.9806 27.4747
12.9845 27.4555
12.9633 27.658
12.9791 27.4833
12.9751 28.4497
12.9716 27.5437
12.9838 27.4578
12.9767 27.4982
12.9733 27.5264
13.0363 28.1594
12.9566 27.8408
12.9591 28.2161
12.9717 27.5408
13.0137 28.4861
13.0358 28.1814
12.9746 27.5134
12.9716 27.5412
12.9814 27.4673
12.9877 27.4413
12.9703 27.5542
12.9871 27.4427
12.9658 27.6103
12.9804 27.4721
12.9865 27.4443
12.9633 27.6514
13.0359 28.1789
12.9659 27.6088
12.9798 27.4748
12.9867 27.4427
12.9604 28.2544
12.9755 27.5037
13.0367 28.1553
12.9643 27.6304
13.0382 27.8836
12.9691 27.5643
12.9756 27.5014
12.9754 27.5027
12.9718 27.5345
13.0389 27.9647
12.9851 28.515
12.9559 27.8583
12.9596 28.2392
12.968 27.5764
12.9794 27.4737
12.9757 27.4986
13.0164 27.4864
12.9761 27.4958
12.9837 27.4505
13.0385 28.0717
12.9844 27.447
12.9734 27.5166
13.0329 28.2714
12.9697 27.5532
12.9937 27.4231
12.9803 27.4667
12.97 27.5494
12.9883 27.4325
13.0229 27.5397
12.9638 27.6329
12.9738 27.5119
12.9546 27.9689
13.0075 27.4383
12.9621 27.6624
12.9702 27.5451
12.97 27.5481
12.9759 28.4683
12.9648 27.6148
12.9627 27.6491
12.9665 27.5886
12.9745 27.5034
12.9796 27.4674
12.9684 27.5646
12.9798 27.4661
12.9544 27.975
12.9624 27.6537
12.972 27.5248
12.9729 27.5159
13.0283 27.6025
12.972 27.5242
12.9724 27.5209
12.974 27.5063
12.9821 27.4523
12.986 27.4354
12.9633 27.6341
12.9581 28.215
13.0333 28.2742
13.0181 28.4706
12.9751 28.4661
13.0179 28.4721
12.9871 27.4309
12.98 27.4622
12.9734 27.5091
13.0308 27.6386
12.9559 27.82
13.0095 28.5214
12.9602 28.2733
12.9623 27.6478
12.9796 27.4631
12.9749 28.4675
13.0087 27.4364
13.0335 27.6889
12.9813 27.4522
12.9682 27.5597
12.954 27.9844
12.9721 27.5179
13.0396 28.0342
13.0259 28.3992
12.9763 27.4826
12.984 27.4381
12.9546 27.8858
13.0397 27.9444
12.9678 27.5628
13.0333 27.6817
12.9676 27.5645
12.9799 27.4579
12.9726 27.5113
12.9567 28.1836
12.991 27.4167
12.9821 27.446
12.9639 27.6159
12.9858 27.4295
13.0378 28.1594
12.9813 27.4488
13.0046 27.4194
13.0066 28.5362
13.0357 27.7336
12.9843 27.4345
12.9839 27.436
12.9823 27.4433
12.967 27.5699
12.9637 27.6167
13.0169 28.4869
13.0074 27.4267
13.0331 28.2928
12.9761 27.4797
13.0398 28.0444
12.9642 27.6068
12.9536 27.9806
12.9869 27.4232
12.972 27.5118
12.977 27.4715
12.9551 28.1339
12.9727 27.5058
12.9741 27.4935
13.0295 27.605
12.9861 27.4251
12.9674 27.5601
12.9722 27.5095
12.974 27.4938
12.989 28.545
12.9721 27.5098
12.961 27.6586
12.9866 27.4229
12.9742 27.4909
12.984 27.4318
13.0063 28.5415
12.9614 27.6506
12.9627 27.6257
12.9662 28.3886
12.9607 27.6627
12.9698 27.5308
12.9679 27.5519
12.9576 28.2306
12.9607 27.6617
13.0404 27.9931
12.9773 27.4648
12.9674 27.556
12.9888 27.4131
12.9651 27.5858
12.974 27.4888
12.9686 27.541
12.9574 27.7344
13.0066 28.5448
12.9723 27.5018
12.9608 27.6535
12.9625 27.623
12.974 27.4873
12.9796 27.4481
12.9655 27.5774
12.9761 28.4917
12.9622 27.6276
13.0285 28.3822
12.978 27.4568
13.0241 28.436
13.0081 28.5419
12.9803 27.443
12.9619 27.6304
12.9621 27.6276
12.961 27.6462
12.9893 27.4079
12.953 27.9772
12.9617 27.6325
12.9613 28.3233
12.9615 27.6368
13.0376 27.7617
12.9755 27.4714
12.9646 27.5846
12.986 27.4156
13.0236 27.5181
12.9697 27.5228
12.9607 27.6489
12.9605 27.652
12.9662 27.5618
12.9825 27.4292
12.9736 27.485
13.0068 27.4119
12.9614 27.6343
12.9865 27.4131
13.0294 27.5867
12.9561 28.205
12.9686 28.4306
12.9772 27.4575
12.9813 27.4336
13.0395 28.1353
12.9799 27.4404
13.0125 28.5281
12.963 27.6054
12.9873 27.4092
13.0403 27.874
12.9857 27.4144
13.0401 27.8583
12.9848 27.4175
12.9732 27.4863
12.9711 27.5048
12.9665 27.5558
13.0265 28.4157
12.9736 27.4827
12.9871 27.4086
12.9732 27.4848
12.9787 27.4452
12.9618 27.6228
12.962 27.6178
12.9602 27.6505
12.9694 27.5197
12.9664 27.5536
12.9682 27.533
12.98 27.4366
12.9867 27.408
12.9852 27.413
12.9801 27.4356
12.9581 27.6953
12.9635 27.5923
13.0116 28.5361
13.0023 27.3964
13.0358 27.6967
12.9628 27.6029
12.9625 27.6081
12.9699 27.5124
13.0372 27.7342
12.983 27.4207
12.9643 27.5796
12.9774 27.4511
12.9712 27.4994
12.9698 27.5133
12.9774 27.4505
12.9863 27.4078
12.9545 28.1619
12.9796 27.437
12.9787 27.4418
12.9705 27.5055
12.9653 27.5644
12.969 27.5199
12.9893 27.3983
12.9712 27.4975
12.9797 27.4351
12.9717 27.4926
12.9765 27.4536
12.9792 28.525
12.9664 27.5479
12.9827 27.4187
12.9902 28.5669
13.0416 27.9561
12.9794 27.4346
12.9689 27.5179
12.9694 27.5117
12.959 27.6639
12.9898 27.3942
12.964 27.578
12.9677 27.5296
12.9629 27.5929
12.9895 27.3943
12.9616 27.6142
12.9625 27.5995
12.9774 27.445
12.9552 28.2044
12.9646 27.5669
12.9597 27.6463
12.9636 27.5813
12.953 27.8489
12.9873 27.3984
12.9869 27.3995
12.9636 27.5792
12.9743 27.4651
12.978 27.4394
12.9829 27.4138
12.9893 27.3925
12.9586 27.6676
12.987 27.3984
12.9797 27.4289
12.9699 27.5032
12.9772 27.4436
12.971 27.4924
12.9779 27.439
12.9784 27.4357
12.965 27.5582
12.9797 27.4282
12.9585 27.666
12.952 28.0519
12.9993 28.5778
12.9746 27.4602
12.9689 28.4514
12.9856 27.4013
12.9744 27.4619
12.9866 27.3981
12.9808 27.4218
12.9678 27.5231
12.9709 27.491
12.984 27.4062
12.9825 27.4124
12.9526 27.8569
12.9522 27.8817
12.9826 27.4117
12.9679 27.5199
12.9647 27.558
12.9579 27.6755
12.9779 27.435
12.9601 28.3331
13.0321 28.36
12.9709 27.4881
13.0368 27.6972
12.9884 27.3899
12.9744 27.4584
12.9818 27.4135
12.9797 27.4238
12.9704 27.4918
12.9878 27.3908
12.96 27.6288
12.959 27.6487
12.9876 27.3913
12.9751 27.4523
12.9522 27.8664
12.976 27.4456
12.9674 28.4408
12.9709 27.4857
12.9653 27.547
12.9738 27.4612
12.9797 28.5394
12.9672 27.5235
12.9584 27.6582
12.9862 28.5675
12.9715 27.4792
12.9768 27.4381
12.9654 27.5439
13.0076 27.3936
12.9678 27.5156
12.9664 27.5316
12.9702 27.4908
12.9784 27.428
12.9705 27.4876
12.9875 28.5725
13.0335 27.6203
12.9743 27.4548
12.9652 27.5442
12.9812 27.4119
12.964 27.5599
12.9706 27.4854
12.9834 28.5594
12.9779 27.4291
12.9817 27.4087
13.0299 28.4011
12.9599 27.6228
13.0426 28.0158
12.9845 27.3964
12.959 27.6404
12.9746 27.4505
12.9583 27.6541
12.9739 27.456
12.9729 27.4638
12.9901 27.3801
13.0351 27.6469
13.0426 28.0186
12.9815 27.4083
12.9769 27.4339
12.978 27.4271
12.9722 28.4933
12.9662 27.5289
12.9665 27.5249
12.972 27.4703
12.9825 27.4029
12.9701 27.4866
12.966 27.5311
12.9604 27.6114
12.9519 27.8567
13.0299 27.5578
13.0293 28.4133
12.9761 27.4366
12.9625 27.5761
12.9664 27.5233
12.9741 27.4504
12.9671 27.5151
12.9901 27.3764
12.9625 27.5732
12.9668 27.5177
12.9865 27.3849
12.9719 27.4664
12.9842 27.3924
12.9913 27.3733
12.9653 27.5354
12.9587 27.636
12.9607 27.6002
12.9802 27.4096
12.9861 27.3851
12.9691 27.4913
12.9575 27.6606
12.9801 27.4095
12.9588 27.6329
12.9683 27.4985
12.9571 27.668
13.0424 27.8689
12.982 27.3993
12.9806 27.4057
12.9511 27.8833
12.9597 27.6153
12.9861 27.3833
12.9582 27.6436
12.957 27.6687
12.9739 27.447
12.9833 27.393
12.9826 27.3959
12.9812 28.5597
12.9736 27.4486
12.9857 27.3832
13.0426 27.8718
12.9558 28.2706
12.9581 27.6418
12.9606 27.596
12.9516 27.8391
12.9628 27.5611
12.9663 27.5168
12.9644 27.5396
12.9827 27.3931
13.0409 27.78
12.9891 27.3723
12.9639 27.5461
12.9576 27.6478
12.9728 27.4518
12.9666 27.5109
12.9593 27.6153
12.9796 27.4065
12.9605 27.5936
12.989 27.3712
12.9973 27.3622
12.9762 27.4264
12.9796 27.406
12.9876 28.5867
12.9718 27.4592
12.9587 27.6256
12.9706 27.47
12.9661 27.5155
12.971 27.4656
12.9811 27.3984
12.9877 27.3736
12.9727 27.4513
12.9728 27.4503
12.9588 27.6211
13.0408 27.7678
13.0232 28.4928
12.9681 27.492
12.9507 27.8811
13.0031 28.595
12.9601 28.365
12.984 27.3843
12.9659 28.4464
13.0053 28.5908
12.9522 27.7936
12.9624 27.5599
13.025 27.4836
13.0085 27.3781
12.9765 27.4202
12.9724 27.4499
13.034 27.6006
12.9804 27.3979
13.0438 27.9986
13.0308 28.4119
12.9748 27.4314
12.983 27.3859
12.9595 27.6037
12.9708 27.4625
13.0439 28.0111
12.9597 27.5992
12.9823 27.3878
12.9713 28.5047
12.9903 27.3629
12.9742 27.4339
12.9749 27.429
13.0411 27.7678
12.96 27.5935
12.9634 27.5417
12.9808 27.3936
12.9764 27.4178
12.9719 27.4507
12.9657 27.5115
12.9873 27.3682
12.9676 27.4899
12.9718 27.451
12.9871 28.5928
12.9656 27.5122
13.0226 27.4558
13.0376 28.2992
12.968 27.4846
12.9891 27.3625
12.9661 27.5056
12.9851 27.3736
12.9705 27.4605
12.9844 27.3759
12.9563 27.6591
12.9695 27.4692
12.9686 27.4781
12.9867 27.368
13.0435 28.0944
12.968 27.4836
13.0248 28.4883
12.9735 28.5275
12.9578 27.6257
12.9495 28.0044
12.9585 27.6121
12.9902 27.3586
12.9663 27.5006
12.9903 27.3581
12.9556 27.6704
12.9787 27.3996
12.968 27.4813
13.0261 27.4847
12.9506 27.8372
12.9794 27.3951
12.9648 27.5169
12.9603 27.5792
12.9499 27.8822
12.9883 27.3608
12.9597 28.3753
12.9595 28.3717
12.9649 27.515
12.9864 27.3658
12.9587 27.6056
12.9758 27.4153
12.9886 27.3597
13.0414 28.2042
12.9796 27.3931
12.9785 27.3991
12.9726 27.4386
12.9863 27.3656
12.978 27.4016
12.9565 27.6479
12.9857 27.3672
12.9571 27.635
12.9717 27.4454
12.9676 27.4837
12.9899 27.3562
12.9882 27.3598
13.0339 28.3797
12.9694 28.4981
12.956 27.6567
12.9699 27.4597
12.9615 28.4058
13.0314 28.4174
13.0413 27.7497
13.0417 27.7658
12.9561 27.6525
12.9686 27.4717
12.9491 27.9942
13.0348 28.3656
12.9694 27.4633
12.9751 27.4174
12.9693 27.4643
12.9709 27.4495
12.9732 27.431
12.9554 27.6658
12.9812 28.5789
12.9594 28.3744
12.9782 27.3976
12.985 27.3665
12.9555 27.6622
13.0048 27.3553
12.9565 27.6411
13.0443 28.0675
12.9941 28.6139
12.9842 27.3688
12.9824 27.3759
12.9581 27.6086
12.9583 27.6053
12.9738 27.4248
12.9557 27.6569
12.962 27.545
12.9609 27.5616
13.0419 28.2011
12.9667 27.4875
12.9645 27.5119
12.9554 27.6615
12.9838 28.5925
12.9807 27.3822
12.9685 27.4682
13.0313 28.4242
13.0399 27.6992
12.9627 27.5333
12.9843 27.3663
12.9564 27.639
12.9594 27.5822
12.9638 27.5194
12.9744 27.4174
12.9567 27.631
12.9634 27.5242
12.9632 27.5259
12.9853 27.3621
12.9511 27.7856
12.9836 28.5936
12.9831 27.3695
12.9556 27.6522
12.9688 27.4628
12.9545 28.2856
13.0446 28.0692
12.9561 27.6426
12.9732 27.4254
12.9698 27.4521
12.9565 27.6321
12.9708 27.4431
12.982 27.3721
12.982 27.3723
12.958 27.6014
12.9494 27.8636
12.9545 27.675
12.9607 27.5566
12.9656 27.493
13.0146 27.385
12.991 27.3445
12.9651 27.4979
12.97 27.4483
12.9794 27.3829
12.9692 27.4547
12.9659 27.4888
13.0231 27.4422
12.9509 27.7791
12.9705 27.4433
12.9726 27.4259
12.975 27.4081
12.9864 27.3539
12.9625 27.5279
12.9698 27.4487
12.9785 27.3862
12.9517 28.2181
12.9612 27.5462
12.9704 28.52
12.9758 27.4018
13.0039 28.6169
12.9711 27.4358
12.969 27.4543
12.9655 27.4901
12.9732 27.4189
12.963 27.5191
13.0008 28.6224
12.9717 27.43
12.9613 27.5417
12.9804 27.3746
12.9726 27.4221
12.9482 28.0056
12.9781 27.3862
13.0203 28.5461
12.9709 27.4355
12.9698 27.4444
12.9726 28.5408
12.9904 27.3409
12.9732 27.4164
13.0089 28.6064
12.9618 27.5323
12.9591 27.5733
12.9742 27.409
12.9549 27.653
13.0006 28.6248
12.9862 27.3502
12.9724 27.4223
12.9807 27.3711
13.001 28.6249
12.9823 27.3636
12.9723 27.4221
12.9791 27.3784
12.9642 28.4622
13.0457 27.9861
12.9588 27.5762
13.0063 27.3458
12.9781 27.3833
13.0222 28.5344
12.9578 27.5939
12.9723 27.4217
13.03 27.505
12.9598 27.5592
12.9695 27.4444
12.9857 27.3497
12.966 28.4844
13.0008 28.6272
12.9755 27.3969
12.9703 27.4359
12.9479 27.9411
12.9541 27.664
12.9873 28.6175
13.0029 28.625
12.9549 27.6472
12.9836 27.3554
12.9568 28.3578
13.0054 28.6211
13.0446 27.8297
12.9831 27.356
12.9646 27.4908
12.9834 27.3548
12.9757 27.3934
12.9681 27.4534
12.9815 27.362
12.9639 27.4987
12.949 28.1314
12.9846 27.3498
12.9571 27.5983
12.9567 27.606
12.9563 27.6134
12.982 27.3593
12.9567 28.3583
12.9608 27.538
12.9875 27.3407
12.9612 27.5323
13.0054 27.3383
13.0037 28.6267
13.0453 28.1036
13.0051 28.6244
12.9784 27.3752
13.0373 28.3555
12.9646 27.4869
13.0461 28.0292
13.0305 27.5033
12.9587 27.5681
13.0448 28.1356
12.971 27.4242
12.9587 27.5671
12.9475 27.9619
12.9583 27.5733
12.982 27.357
12.9624 27.513
12.967 27.4601
12.978 27.3766
12.9844 27.3477
12.9675 27.4556
12.9608 27.5338
13.0396 28.3114
12.9719 27.4163
12.9766 27.3837
13.0449 28.1364
12.9589 27.5616
12.9615 27.5241
12.9646 27.485
12.9609 27.5318
13.0462 28.035
12.9819 27.3563
13.0124 27.3586
13.045 28.1333
12.9762 27.3852
12.9646 28.4786
12.9623 27.512
12.9543 27.6469
12.9893 27.3323
12.9478 28.0733
12.982 27.3546
12.9911 28.6325
12.9883 27.3342
12.951 27.7321
13.0215 28.5508
12.9618 27.5165
12.9899 27.3296
13.0324 28.4408
13.0462 28.0561
12.9812 27.3565
12.9768 27.3791
12.9585 27.5639
12.9535 27.6608
12.9605 27.5328
12.9572 27.5849
12.9701 27.4258
12.98 27.361
12.9867 27.3356
12.9693 27.4326
12.9547 27.6318
13.032 28.4478
12.9792 27.3644
13.0192 27.3919
13.0432 28.2236
12.9761 27.3814
13.0426 27.7211
12.9629 28.4644
12.9803 27.3589
12.9552 27.6205
12.9823 27.3498
12.9714 27.414
12.9722 27.4079
12.9573 27.5813
12.9611 27.5226
12.9839 27.3436
13.0435 28.2163
12.9546 27.6314
13.0249 27.4356
12.9638 27.4878
13.0448 27.8033
12.9587 27.557
12.9473 28.0509
12.9837 27.3437
13.0059 27.3308
13.0464 27.9006
13.0435 28.2186
12.9737 27.3955
12.9472 28.0444
13.0385 28.3463
12.967 27.4515
12.9852 27.3375
12.9564 28.3689
13.0453 27.8217
12.9555 27.6106
12.9677 27.4438
12.9888 27.3271
12.9762 27.3779
12.9599 27.5361
12.9555 27.6103
12.967 27.4496
12.9695 27.4263
12.9789 27.3621
12.9795 27.3589
12.9755 27.381
12.9996 27.3181
12.9547 27.624
13.0459 27.8467
12.947 28.0431
12.9797 27.3573
12.9687 27.4317
13.0462 28.1003
12.9795 28.6039
12.9755 27.3799
12.9905 27.3218
12.99 27.3225
13.0314 27.5
12.9796 27.3566
13.0438 28.2196
12.9534 28.3161
12.9872 27.328
12.9577 27.5648
13.0455 28.1503
12.9589 27.5451
12.9579 27.561
12.9534 28.3162
12.9631 27.4887
12.9712 27.4085
12.9472 27.8822
12.9585 27.5521
13.0342 27.5353
12.9759 27.3753
12.9674 27.4414
12.9893 27.3218
12.9882 27.3241
13.0439 28.2208
12.9605 27.5206
12.9466 28.0003
12.9652 27.4635
12.9788 27.3586
12.9565 27.5837
12.9724 27.3979
12.9736 28.5728
12.9835 27.3372
12.9525 27.6658
12.9753 27.3776
12.96 27.5257
12.962 27.4997
13.0325 28.4539
12.9662 27.4508
12.976 27.3732
12.9591 27.5388
12.9797 27.3526
12.9474 27.8528
12.9815 28.6172
12.9863 27.3274
13.03 28.4858
12.9663 28.5133
12.9522 27.6714
12.9772 27.3654
12.9897 27.3191
12.9663 27.4489
12.9527 27.6586
13.0109 28.6228
13.0445 28.2036
12.9638 27.4765
12.9653 28.5034
12.9523 27.6681
12.9605 27.5162
12.9583 27.5499
13.0034 28.6444
12.9603 27.5197
12.9739 27.3849
12.9707 27.4082
12.9544 27.6181
13.0028 28.6458
12.9652 28.5042
13.0238 28.5483
12.9915 27.3141
12.9564 27.5793
12.9652 27.4582
12.9651 28.5034
12.9882 27.3201
12.9549 27.6067
13.0444 28.2111
12.954 28.3389
12.9905 27.3154
12.9812 27.3431
12.9725 27.3933
13.0027 28.6469
12.9527 27.6537
12.9652 28.5048
13.0026 28.6473
12.9551 27.6008
12.9584 27.5449
12.9894 27.3164
13.0445 27.7523
12.9998 27.3101
12.9733 27.3864
13.0373 27.5769
12.9708 28.5578
12.9537 27.629
13.0464 28.1303
12.9909 27.313
12.9763 27.366
13.0294 28.4978
13.0445 27.751
13.0028 28.6485
12.9751 27.3736
12.9779 27.3569
13.0338 27.5206
12.9648 27.4594
12.9524 27.6574
12.9599 27.52
12.9868 27.3209
12.9868 28.6403
12.9545 27.61
12.9552 27.5973
12.9461 28.0181
12.9664 27.4418
13.0028 28.6494
12.9738 27.3805
12.9894 27.3141
12.9746 27.375
12.9909 27.3114
12.9671 27.4348
12.9796 27.3465
12.966 27.4452
12.9521 27.6614
12.9655 27.4502
12.9601 27.5149
12.962 27.4895
12.9814 27.3375
12.952 27.6606
12.9544 27.6075
12.9852 27.3234
13.0439 27.7231
12.966 27.4433
12.9842 27.3261
12.9789 27.3482
12.9673 27.4302
12.9553 27.589
12.9466 28.0992
12.9535 27.6239
12.9884 27.3132
13.0284 28.5133
12.9521 27.6547
12.9521 27.656
12.9852 27.3215
12.9481 28.1833
13.0303 28.4939
12.9581 27.5402
12.9706 27.4002
12.9672 27.4295
12.984 27.3254
12.9667 27.4335
12.9703 27.4022
12.9719 27.3899
13.045 27.7525
12.9668 27.4325
12.9703 27.4015
12.9571 27.5544
13.0449 27.747
13.045 27.7529
12.9814 27.3342
12.9594 27.5199
12.9682 27.4195
12.9575 27.5486
13.0307 28.4903
13.039 28.3675
12.962 27.485
12.9653 27.4473
12.9831 27.3271
12.9794 27.3426
12.9671 27.4284
12.9534 27.6225
12.9548 27.5931
12.9613 27.492
13.0111 27.3281
12.9458 28.0467
12.9521 27.6501
12.9687 27.413
12.9713 27.3917
12.9574 28.4167
12.9586 27.5281
12.9544 27.5998
12.9761 27.3593
12.9745 27.3689
12.965 28.515
13.0471 28.1233
12.9479 28.1877
12.9685 27.4134
12.9591 27.5201
12.9682 27.4158
12.9877 27.3106
12.9764 27.356
12.9601 27.5052
12.9818 27.3296
12.9668 27.4287
12.9897 27.3061
12.9622 27.4775
13.0422 27.6608
12.9479 27.7711
12.9701 27.3991
12.9822 27.3273
12.9517 27.6547
12.9716 27.3867
12.9787 27.343
12.9581 27.5331
12.9792 27.3399
12.9784 27.3439
12.9567 27.5549
12.9565 27.5585
12.9608 27.494
12.9695 27.4025
13.04 28.3561
12.9882 27.3074
12.9727 27.3773
13.021 27.3775
12.9735 27.3716
12.9645 27.4495
12.9573 27.5434
12.9517 27.6519
12.9555 27.5729
12.9477 27.7747
12.952 27.6439
12.9825 27.3235
12.9612 27.4863
12.96 27.5026
12.9508 27.6719
12.9616 27.4805
12.9779 27.3439
12.975 27.3606
13.0401 28.358
12.962 27.4762
12.9888 27.3041
12.9725 27.377
12.96 27.5011
12.9755 27.3572
12.9713 27.3852
12.9499 27.6934
12.9509 27.6674
12.9611 27.4866
12.9584 27.5237
12.9524 27.6311
12.9748 27.3608
12.9781 27.3416
12.9532 27.6136
12.9917 27.2976
12.9909 27.2986
13.037 28.4158
12.9865 27.3079
12.9731 27.3707
13.0175 27.3511
12.9475 27.7731
12.9857 28.6517
12.9528 27.6191
13.0251 28.5581
12.9755 27.3545
12.9818 27.323
12.9597 27.5016
12.9576 27.5311
12.9612 27.4816
12.9582 27.5223
12.9575 27.5338
12.9463 28.1394
12.9694 27.3973
12.9535 28.36
12.9839 27.3144
12.9766 27.3475
12.9587 27.5151
12.9546 27.5813
12.9911 27.2964
12.9784 27.3375
12.967 27.418
12.9615 28.4861
12.9793 27.3327
12.9627 27.4619
12.9508 27.6636
12.9917 27.2952
12.9827 27.3179
12.9704 28.5744
12.9829 27.3169
12.9559 27.5573
12.9885 27.3
12.9897 27.2976
12.9862 27.3058
12.9719 27.3759
12.9691 27.3973
12.9864 27.3047
12.9453 28.0808
12.9626 27.4615
12.9756 27.3509
12.9788 27.3333
12.946 28.1314
12.9597 27.4976
12.9692 27.3958
12.9762 27.3473
12.9757 27.3498
12.9853 27.3073
12.9854 27.307
12.9819 27.3192
12.9852 27.3075
12.9872 27.3016
13.0041 27.2964
12.96 27.4933
12.9749 27.3539
12.9504 27.6669
12.969 28.5661
12.9514 27.6415
12.9753 27.351
13.0459 28.2206
13.0075 28.6578
12.9602 27.4887
12.9884 27.2978
12.961 28.4844
12.9536 27.5936
12.966 28.54
12.9555 27.5588
12.9625 27.4603
12.9499 27.6786
12.9722 27.3702
12.9526 27.6136
12.9513 27.6428
12.9821 27.3161
12.9465 27.7972
12.9584 27.5127
13.0077 28.6586
13.0002 28.6725
12.9785 27.3317
12.9918 27.2902
12.9614 28.4917
12.9556 27.5548
12.9544 27.5747
13.0488 28.0814
12.9636 27.4441
12.9798 27.3239
12.9595 27.4946
12.9868 27.2988
13.031 28.5092
12.9796 27.3246
12.9603 27.4829
12.9766 27.3397
13.0463 28.2164
13.0388 27.5638
12.9583 27.5096
12.9695 27.3877
12.953 27.6003
13.0387 27.5618
12.973 27.3611
12.9569 27.5306
12.9768 27.3375
12.9533 27.5934
12.9787 27.3272
12.95 27.6666
12.9596 28.4739
12.9661 27.4158
12.9538 27.5817
12.9529 28.3642
12.9552 27.557
12.9761 27.3405
12.9844 27.3036
13.016 27.3317
12.9826 27.3097
13.0406 27.5939
13.0495 27.9637
13.0468 28.2032
13.0465 28.2158
12.9793 27.3234
12.9635 27.4422
13.0467 28.2067
13.0086 27.3003
12.9522 27.6115
12.9466 28.1919
12.9758 28.6208
12.9442 27.9536
12.9625 27.4519
12.9531 27.5926
12.9784 27.3264
12.9592 27.4922
12.9656 27.4185
12.9978 27.2818
12.9462 28.1779
12.981 27.314
12.955 27.557
13.0469 28.2063
13.015 28.6377
12.9586 27.4995
13.039 27.5604
13.0391 27.5621
12.9871 27.2929
12.9744 27.3477
12.9625 27.4501
12.9634 27.4398
12.9516 27.6214
13.0387 28.4102
13.0469 28.2096
12.979 27.3219
12.9657 27.416
12.9823 27.3074
12.987 27.2923
12.9565 27.5298
12.9888 28.6731
12.9576 27.5122
12.9869 27.2922
12.9819 28.6531
12.9598 27.4813
12.9725 27.3581
12.9692 27.3827
12.9925 27.2812
12.9587 27.4953
13.0491 27.8668
12.9607 27.4684
12.9712 27.3672
12.972 27.3607
12.9539 27.5706
12.9766 27.332
12.9623 27.4496
12.984 27.2995
12.9511 27.627
12.9642 27.428
12.9609 27.4654
12.9526 27.5949
12.9581 27.5016
12.9925 27.2801
12.9779 27.3245
12.9584 27.4977
12.9518 27.6106
12.9622 27.4494
12.9646 27.4232
12.9862 27.2916
12.9538 27.5698
12.9788 27.3195
12.9648 27.4206
12.9781 27.3222
13.0013 28.6819
12.9524 27.596
12.96 27.4743
12.9554 27.5415
12.9519 27.6058
12.9925 27.2789
12.9609 27.463
12.9628 28.5228
12.9494 27.6655
12.9711 27.3645
12.9908 27.2806
12.9782 27.3209
12.9496 27.6585
12.9637 27.4298
12.9442 28.0856
12.9895 27.2824
12.953 27.5829
12.9871 27.2878
12.9877 27.2861
12.946 27.7772
12.9941 27.2764
12.97 27.3724
12.9722 27.3558
12.9923 27.2779
12.9811 27.307
13.0121 27.305
12.9459 27.7772
12.98 27.3117
12.9825 27.3014
12.9758 27.3327
12.9479 27.7044
12.9707 27.3664
12.9631 27.4357
13.0066 27.2868
12.9722 27.3556
13.0468 28.2308
12.985 27.2925
12.9615 27.4536
12.9551 27.5438
12.9568 27.5164
12.9869 27.2867
12.9871 27.2861
12.979 27.3152
12.969 27.3783
12.9901 27.2796
12.9483 27.6889
12.9523 27.5929
12.9856 27.2896
12.9481 28.2708
12.9796 27.312
12.9849 27.2916
12.9487 27.6763
13.0455 28.2733
12.9645 27.4185
12.9512 27.6145
12.9665 27.3993
13.042 27.6028
12.9918 27.2756
12.9868 27.2849
12.9645 27.4174
12.9545 27.5487
12.9617 27.4465
12.9491 27.6631
12.9639 27.4226
12.9698 28.5931
12.9453 28.1736
13.0113 27.2975
12.9507 28.3417
12.9526 27.5826
12.953 27.5737
12.9823 27.2979
12.9898 27.277
13.0353 28.4767
13.0488 28.1609
12.9676 27.3862
13.0487 28.163
12.9488 27.6669
12.9739 28.6233
12.9627 27.4333
12.9907 27.2742
12.944 28.1063
12.9525 27.5814
13.0349 27.4792
12.9519 27.5929
12.9761 27.3241
12.97 27.3643
12.9822 27.2959
12.9634 27.4243
12.987 27.2806
12.9647 27.4111
13.0274 27.395
12.9527 27.5753
12.9928 27.27
13.0292 28.5513
12.9927 27.27
12.9719 27.3496
12.9521 27.5873
12.9436 27.8844
12.9711 27.3551
12.9567 27.5071
12.9877 27.278
12.9499 27.6343
13.0371 27.5083
12.953 27.5684
13.0503 28.0775
12.9724 27.3451
12.9607 27.4525
12.9947 27.2675
13.0491 28.159
12.9925 27.2689
12.9658 27.3978
13.0416 27.5842
12.9646 27.4086
12.9759 27.3223
12.9583 27.4824
12.992 27.2688
12.9863 27.2799
12.9764 27.3194
12.9768 27.317
12.9801 27.301
13.0506 27.9189
12.9571 28.4656
12.978 27.3103
12.9698 27.3621
12.9692 27.3661
12.9779 28.6508
13.0114 28.67
12.9519 27.5852
13.0492 28.1618
12.9915 27.2683
12.9604 27.4534
12.9714 27.349
13.0439 27.63
12.9435 27.8647
12.9846 27.2826
12.9924 27.2662
12.9723 27.342
12.9497 28.3336
12.9624 27.4283
12.9607 27.4472
12.9642 27.4095
12.9646 27.405
12.9616 27.436
12.9714 27.3476
12.9921 27.2653
12.9601 27.4544
12.9622 27.429
12.9628 27.4223
12.9664 27.3866
12.9428 28.0383
12.9443 27.8067
12.9613 27.4387
12.9641 27.4082
12.9695 28.6019
12.9584 28.4898
12.9824 27.2875
12.9612 28.5244
12.9444 28.1703
12.9868 27.2733
13.0511 27.9497
12.9752 27.3204
12.9865 27.2739
13.0342 27.4586
13.01 27.2819
12.9933 27.2619
12.9708 27.3487
12.9587 28.4947
12.9988 28.7006
12.9674 27.3756
13.0048 27.2679
12.9616 27.4331
12.9766 28.6497
12.9481 27.6614
12.9788 27.3008
12.9925 27.2621
12.9594 27.4583
12.9771 27.3089
12.9754 27.3181
12.958 27.4771
12.9563 27.5001
12.9923 27.2617
12.9707 27.3485
12.9892 27.2661
12.9508 27.5974
12.9711 27.3449
12.9924 27.2609
12.9601 27.4487
12.9541 27.5338
12.9818 28.675
12.9832 27.2814
12.9487 27.6433
12.9757 27.3146
12.9917 28.7002
12.9754 27.3162
12.9556 27.5088
12.9919 27.2604
12.9697 27.3538
12.9509 27.5918
12.9659 27.3859
12.9699 27.3519
12.9815 27.2865
12.9427 28.0811
12.9615 27.4302
13.0077 27.2716
12.9657 27.3867
13.0496 28.1722
13.0508 28.0953
12.9643 27.4005
12.9662 28.5808
12.9483 27.651
12.9639 27.404
12.9771 27.3058
12.9681 28.5975
12.9846 28.6867
12.9756 27.3136
12.9492 27.626
12.9557 27.5046
12.9479 27.6579
12.9638 27.4038
12.9777 27.3018
12.9909 27.26
13.0137 27.2907
12.9773 27.3035
12.9549 27.5163
12.9791 27.2946
12.9839 27.2758
12.9679 27.3654
12.9846 28.6881
12.951 27.5853
12.9836 27.2764
12.9913 27.2584
12.9848 27.2725
12.9714 27.3381
12.9553 27.5079
12.9792 27.2935
12.9637 27.4027
13.0336 27.4422
12.9864 27.2675
12.9611 27.4302
12.9544 27.5215
12.9528 27.5487
12.978 27.298
12.9603 27.439
12.9794 27.2913
12.9691 27.3538
13.0501 28.1628
12.9435 27.8133
12.9976 28.7078
12.9584 28.5008
12.9739 27.3201
13.046 27.6564
12.9846 28.6906
12.9879 27.2621
12.9683 27.3592
12.9518 27.5647
13.0503 28.1531
12.9908 27.2565
12.9631 27.4061
12.9574 27.4746
12.9728 27.3255
12.9702 27.3436
12.9647 27.3897
12.9633 27.4042
12.9663 27.3746
13.0313 27.4125
12.9631 27.4052
12.9655 27.382
12.9423 27.8842
12.9635 27.4006
13.0481 28.2504
12.9646 27.3894
12.9843 27.2699
12.9553 27.503
12.9757 27.307
13.0043 27.2567
12.9861 27.264
12.9794 27.2877
12.9755 27.307
12.9565 27.4826
12.9764 27.3018
12.958 27.4617
12.9417 27.9603
12.9603 27.4332
12.9609 27.4257
12.985 27.2659
12.9445 28.2178
13.0361 27.4664
12.9514 27.5659
12.9615 27.4196
12.9878 27.2587
13 28.7114
12.9477 27.6474
12.9492 27.6118
12.9862 27.2624
12.9783 27.2913
12.9819 27.2756
12.9742 27.3128
12.9604 27.4315
12.9657 27.3762
12.944 27.7686
12.9541 27.517
12.9938 27.2489
12.9862 27.2615
12.9519 27.5544
12.9544 27.511
12.9529 27.5368
12.9859 27.2617
13.0388 27.5036
12.986 27.2614
12.9768 27.2969
13.0228 27.3328
12.9419 27.8908
12.9635 27.3953
12.9546 27.5069
13.0453 28.34
12.9898 27.2527
12.9565 27.4784
12.9469 28.2994
13.0365 27.4686
12.9616 27.4145
12.9514 28.4031
12.9632 27.3969
12.954 27.5162
12.9884 27.2543
13.0523 28.0072
12.9924 27.2478
13.0524 27.9767
12.9453 27.7094
12.9459 27.6917
12.9785 27.2868
12.9491 27.6074
13.045 28.3481
12.9804 27.2784
12.9644 28.5783
12.9529 27.5324
12.9484 27.6231
12.9906 27.2496
12.9592 27.4409
12.9603 27.4273
12.9422 27.8544
12.9893 27.2515
12.9583 27.4523
12.9651 28.5853
13.0465 27.6522
12.9604 27.4262
12.979 27.2832
12.9517 27.5529
12.9425 27.8275
13.0454 28.3411
12.9743 27.3078
12.9597 27.4331
13.0264 28.6053
12.9595 27.4355
12.944 27.7513
12.9802 27.2779
12.947 27.6547
13.0476 27.6806
12.9552 27.4929
12.9874 27.2542
12.9711 27.3272
12.9914 27.2468
12.952 27.5451
13.0377 27.4803
13.0466 27.6503
12.9766 27.2937
13.052 27.876
12.9932 27.2442
12.9493 27.5988
12.954 27.51
13.0398 27.5106
12.9625 27.3994
12.9839 27.2622
13.049 28.245
12.9499 27.583
12.9676 27.3525
13.005 28.7117
12.9792 27.2796
12.9647 27.3772
12.9666 28.6028
12.9523 27.5364
12.978 27.2849
12.9414 28.0681
12.9517 27.5483
12.9888 27.2488
12.9894 27.2477
12.9614 27.4095
12.9849 27.2579
12.9852 27.2569
12.9455 28.275
12.97 27.3321
12.9704 27.3291
12.9414 27.8936
12.9422 27.8275
12.9515 27.5493
12.9876 27.2502
12.97 28.6308
13.0463 28.3289
12.9442 27.7353
12.9898 27.2459
12.9627 27.3949
12.9472 27.6415
12.9639 27.3834
13.0209 27.3117
12.9494 27.5904
12.9995 28.7211
12.9809 27.2701
12.9899 27.2449
12.9742 27.3031
13.0256 28.6178
12.9881 27.2481
12.9909 27.2432
13.0023 28.7189
12.9512 27.5534
12.9747 27.2995
12.9593 27.4311
12.9545 27.4959
12.9544 27.4982
12.9956 28.7228
12.9793 27.2751
12.9794 27.2746
12.9816 27.2655
12.9535 27.511
12.9863 27.2506
13.0157 27.2806
12.9811 27.2673
12.9828 27.2613
12.9522 27.5322
12.9888 27.2449
12.9701 27.3269
12.9766 27.2871
12.9482 27.6109
12.9545 27.4938
12.9739 27.3018
12.9903 27.2411
12.9486 27.6
12.9436 28.2214
12.9523 27.5275
13.0321 28.5625
13.0414 28.4375
12.949 27.5907
12.9914 27.2388
13.0497 27.7267
12.9606 28.5511
13.0454 27.6053
12.9664 27.3539
12.9479 27.6152
12.9972 27.2347
13.0273 27.3536
12.9591 27.4287
12.9508 27.553
12.9856 27.2498
12.9911 27.2383
12.9701 27.3244
12.9822 27.2601
12.9525 27.5213
12.9583 27.4368
12.9649 27.3663
13.0454 28.3631
12.9549 27.4827
12.97 28.6378
12.9903 27.2388
12.9707 27.3191
12.9679 27.3401
12.971 27.3168
12.9548 27.4837
12.9781 27.2758
12.965 27.3641
12.9552 27.4768
12.978 27.2758
12.9833 27.2546
13.0498 27.7239
12.949 27.5842
13.0292 28.5947
13.0529 27.8889
12.9643 27.3695
12.9722 27.3069
12.9761 27.284
12.9905 27.2362
12.9686 27.3318
13.0381 28.495
12.9903 27.2364
12.989 27.2385
12.9495 28.3925
12.9735 27.2979
12.9403 27.9722
12.9859 27.2451
12.9537 27.4966
13.05 27.7263
12.9703 27.3193
12.9793 27.2676
13.0514 28.1853
12.9874 27.2409
12.9607 27.4044
12.9709 27.3142
12.9546 28.4825
13.0152 28.691
13.0471 28.3289
12.9824 28.7065
12.9815 27.2582
12.9884 27.2381
12.9538 28.4706
12.9537 28.4697
13.0428 28.4233
12.9463 27.6416
12.955 27.4758
12.9478 27.6053
12.9868 27.2412
12.9608 27.4011
12.9494 28.3939
13.0302 27.3733
13.0103 28.7111
12.9945 27.2294
13.0501 27.7236
12.9748 27.2884
12.9607 27.4018
12.9549 28.4892
12.9848 28.7156
12.982 28.7067
12.9482 27.5951
12.9863 27.2417
12.984 27.2479
12.9408 27.8653
12.9481 27.5959
12.9687 27.3282
12.9878 27.2379
12.9579 27.4344
12.9689 27.3265
13.0531 28.0928
12.9524 27.5133
12.9404 28.0667
12.9824 28.7086
12.95 27.557
13.0211 27.3
13.0209 28.6633
12.9581 27.4308
13.0362 28.5264
12.9407 27.867
12.962 27.3855
12.956 27.4577
12.9902 27.2321
12.9485 27.5851
12.9841 28.7153
12.9742 27.2895
12.9786 27.2671
12.9761 27.2791
12.947 27.6172
12.982 28.7092
12.948 28.3711
12.9747 27.286
12.979 27.2641
12.9996 28.7344
12.9772 27.2724
12.9594 27.4134
12.9527 27.5051
12.95 27.5532
12.9486 27.5813
12.9498 27.5568
12.9809 27.2556
12.9855 27.2403
12.9703 28.6497
12.956 27.4553
12.9874 27.2354
12.9741 27.2877
12.9527 27.5024
12.9554 27.4613
12.9864 27.2368
12.9781 27.2662
12.9433 27.7188
12.9783 27.2651
12.957 27.4396
12.9878 27.2332
12.9889 27.2309
12.9557 27.4563
12.9588 27.4169
12.9735 28.6722
12.9839 27.2429
12.9664 27.34
12.9469 27.6139
13.054 27.9408
12.981 27.2527
12.9589 27.4144
12.9923 27.225
13.0528 27.8203
12.9642 28.6036
12.9532 27.4918
12.9424 27.75
12.9906 27.2268
12.9548 27.4678
12.9856 27.2371
12.9836 27.2429
13.0502 27.7078
12.949 27.5652
12.9741 28.6775
12.9496 27.5541
12.9886 27.2297
12.9422 28.2103
12.9534 27.4875
12.9425 27.7431
12.9597 27.4037
12.94 27.8853
12.9769 27.2694
12.9899 27.2269
12.9727 27.2923
12.9477 27.5908
12.9632 27.3667
12.9626 27.3725
12.957 27.4363
12.9565 27.4428
12.9808 27.2512
13.0081 28.7258
12.9731 27.2889
12.9403 27.8522
12.9898 27.2262
12.9917 27.2234
12.9596 27.4036
12.957 27.435
12.9785 28.7014
12.9871 27.2311
13.0534 27.8471
12.9491 27.56
12.9481 27.5798
12.965 28.6147
13.0246 28.6475
12.9621 27.375
13.0412 28.4672
12.9778 27.2625
12.9517 27.5115
12.9394 28.0047
12.9519 27.5068
12.9857 28.7282
12.9625 27.3707
12.9498 27.5445
12.9593 27.4043
12.9962 28.7428
12.9523 27.5005
13.042 27.5089
12.949 27.5589
12.9544 27.4667
12.9412 27.7892
12.9601 27.3945
12.9579 27.4199
13.0508 28.2492
12.9878 27.2274
12.9454 27.641
12.9747 27.277
12.9395 27.9147
12.966 28.6253
12.9412 27.7883
12.9504 27.5309
12.9772 27.2634
12.9457 27.6316
13.0544 27.9411
12.9862 27.2306
12.9411 27.7897
12.9516 27.5097
12.9466 27.6094
12.9624 27.3692
12.9627 27.3669
13.0532 28.1425
12.99 27.2224
13.053 28.1564
12.9452 27.6423
12.9472 27.5933
12.976 27.2688
12.9498 27.5402
12.9452 27.6437
13.0545 27.9475
12.9484 28.3978
12.9539 27.4717
12.9486 27.5639
13.023 28.6631
12.9595 27.398
12.9447 27.6533
13.03 27.3548
13.0332 27.3869
12.9908 27.2197
12.9695 27.307
12.9906 27.2198
12.9601 27.3917
13.0007 28.7442
12.9654 28.6236
13.0542 28.075
12.9451 27.6431
12.9519 27.5011
13.0546 27.9617
12.9517 27.5035
12.9759 27.2672
12.9839 27.2344
12.9861 27.2282
12.9519 27.4999
12.9817 27.2416
13.0546 28.0214
12.9591 27.4018
12.9542 27.4651
12.9657 27.3362
12.9694 27.307
12.9619 27.3711
12.9591 27.4006
12.9897 27.2199
12.9548 27.4555
12.9606 27.3837
12.9649 27.342
12.9529 27.4827
13.0543 27.8816
12.9693 27.3066
12.9927 27.2153
13.0254 28.6491
12.9831 27.2351
13.0504 28.2781
12.9463 28.359
12.9769 27.2599
12.9461 27.6123
12.9776 27.256
12.9454 27.6273
12.9757 27.2654
12.9499 27.5318
13.0231 28.6667
12.9758 27.2646
12.9544 27.4571
13.0241 27.3022
12.9929 27.2132
12.9932 27.2128
12.9563 27.4315
12.939 28.0508
12.979 27.2483
12.9508 27.5127
12.9859 27.2247
13.0356 27.4078
12.9862 27.2236
12.9507 27.5132
12.9608 27.3773
13.0496 27.6583
12.9761 27.2612
12.9561 27.4325
13.0007 28.7495
12.9523 27.4873
12.9528 28.4858
12.9734 27.2757
12.9691 27.3038
12.9493 28.4275
13.0002 28.7504
12.9571 27.4186
12.9386 27.9778
13.0551 27.9747
12.9406 27.7867
12.9554 27.4404
12.9457 27.6132
12.9886 27.2169
12.9733 27.2755
13.0499 27.6631
12.984 27.2277
13.0542 28.124
12.9394 27.8494
12.9575 27.4125
12.9516 27.4949
12.9445 27.6426
12.9893 27.2144
12.948 27.5603
12.9821 27.233
12.983 27.2299
12.9499 27.5226
12.9486 27.5469
12.9687 27.3041
12.999 27.2078
12.9792 27.2436
12.9628 27.3537
12.9697 27.2969
12.9712 28.6758
12.9604 27.377
12.988 27.2158
12.9712 27.2857
12.9543 27.4514
12.9733 27.2725
12.9438 28.3061
12.9571 27.4147
12.9719 27.2806
13.0501 28.3019
12.991 27.2099
12.9532 27.4671
13.0252 27.3037
12.9472 27.5726
12.9915 27.2089
12.9483 27.5494
13.0501 27.6611
12.9913 27.209
13.0554 27.9998
13.0554 27.9968
12.9567 27.4179
12.9827 27.2286
12.978 28.7147
12.9867 27.217
12.9528 27.4722
12.9902 27.2101
12.9511 27.4988
12.9632 27.3468
12.9546 27.4454
12.9858 27.2188
12.9661 27.3209
12.9489 27.5366
13.0008 28.7548
12.94 27.7969
13.0554 28.0046
12.9442 28.3233
12.94 28.1714
12.9548 27.4417
12.9865 27.2162
12.9629 27.3487
12.9407 28.2053
12.9415 28.2383
12.979 27.2407
13.0554 28.0293
12.9688 27.2983
12.9494 27.5258
12.9519 27.4821
13.055 27.88
13.054 27.805
12.9389 27.8633
12.9638 28.6243
12.9561 27.4222
12.9745 27.2619
12.9466 27.5813
12.9775 27.2466
12.9571 27.4092
12.9466 27.5793
12.9753 27.257
12.9894 27.2088
12.9503 27.5075
12.9412 27.7333
13.0556 28.005
13.0194 28.6997
13.0556 27.9991
12.9831 27.2237
12.9899 27.2073
12.9862 27.2147
12.9424 27.6881
12.9469 27.5714
12.9687 27.2973
12.9551 28.5297
12.9445 27.6292
12.9437 27.6487
12.9783 27.2416
12.9639 27.3363
12.9589 27.387
12.9475 27.558
12.9497 28.4478
13.0174 28.7114
12.9867 27.2127
12.9618 28.6072
12.9558 27.4228
12.9761 27.2514
12.953 27.462
13.051 28.2892
12.953 27.4609
12.9385 27.8761
12.9663 27.3141
12.9565 27.4121
12.9835 27.22
12.947 27.5663
12.9582 27.3916
12.9721 27.2721
12.9385 27.8672
12.9935 27.2004
12.9796 27.2336
12.9439 27.6381
13.0234 27.2831
12.9592 27.38
12.9891 27.2057
12.9587 27.3847
12.9464 27.5778
12.9745 27.2574
13.0482 27.5976
12.9606 27.3643
12.9595 27.3755
13.0423 28.4819
12.9488 27.5268
12.9787 27.2365
12.9633 27.3373
12.9762 27.2479
12.9759 27.2493
12.9454 27.5988
12.948 27.5421
12.9657 27.3162
12.9921 27.2004
12.9771 27.2433
12.9819 27.2233
13.0559 27.9647
12.9898 27.2032
12.9522 27.4686
13.0295 28.6344
12.949 27.5232
12.9559 27.4176
12.9384 27.8619
12.999 27.1978
12.9886 27.205
13.044 28.4556
12.9885 27.2051
12.9568 27.406
12.9902 27.2019
12.9412 28.2503
12.9383 27.8678
12.947 27.5614
13.0483 27.5952
12.9487 27.5262
13.0168 27.2425
12.9777 27.2389
12.9811 27.2247
12.9901 27.2012
12.9584 27.3853
12.9631 27.3366
12.9604 27.3631
12.9926 27.1979
12.9475 27.548
12.9608 27.3588
12.9735 28.7025
12.946 27.5798
12.9759 27.2467
13.0484 27.5947
12.9672 27.3018
13.0286 27.3186
12.95 27.502
12.9724 27.2658
12.9723 27.2664
12.9687 27.2902
12.9595 28.5917
12.9606 27.3608
12.981 27.2239
12.9857 27.2093
12.9469 27.5593
12.9836 27.2153
12.9549 27.4269
12.9454 28.3725
12.9466 27.5659
12.94 28.2083
12.9594 27.3718
13.0423 27.4775
12.9522 27.4652
12.9678 28.6665
12.9392 27.7981
12.9819 27.22
13.0484 27.5935
12.9377 27.9125
12.9544 27.4331
12.9781 27.2347
12.9877 27.2037
12.9523 27.462
12.9839 27.2132
13.0526 28.2544
12.989 27.201
12.9743 27.2533
12.9459 27.5789
12.986 27.2075
12.9908 27.198
12.9757 27.2458
12.9822 27.2181
12.9692 27.2848
13.0544 27.79
13.0484 27.5906
12.968 27.2935
12.9542 28.53
12.9748 27.2499
13.0221 28.6939
12.9437 27.63
12.9764 27.2414
12.9926 27.1949
12.9842 27.2111
12.9931 28.7669
12.9819 27.2177
12.9526 27.4555
12.9444 27.6104
12.9668 27.3006
12.9926 27.1938
12.9473 27.545
12.9721 28.6985
12.947 27.5516
12.9801 27.2236
12.9808 27.2208
13.0021 28.7669
12.9593 27.3681
13.0458 28.4334
12.9886 27.1986
12.9876 27.2003
12.9925 27.1928
13.0205 27.2558
13.0375 27.4039
12.9626 27.3348
12.9517 27.4654
12.9986 27.1906
12.96 27.3604
13.0029 27.1943
12.9665 27.3007
12.9504 27.4863
12.9448 27.5957
12.9752 27.2442
12.9523 27.4561
12.9748 27.2459
13.0273 28.6617
12.9884 27.1975
12.971 27.268
12.9873 27.1994
12.9452 27.5857
12.9551 27.416
13.0498 27.6158
12.9389 27.7883
13.0381 28.5547
12.9479 27.5277
12.9659 27.3038
12.9743 27.2477
12.9725 27.2576
12.9511 28.4922
12.9571 27.39
12.9526 27.4498
12.9805 27.2186
13.0277 28.6603
12.9553 27.4118
13.0533 27.7208
12.944 27.6107
13.0315 27.3353
12.9901 27.193
12.9892 27.1945
12.9888 27.1951
12.9999 27.1889
12.97 27.2727
13.0504 28.3376
12.9523 27.4523
12.9722 27.2583
12.9743 28.7161
12.9873 27.1974
13.0215 27.2576
12.9724 27.2569
12.9645 27.3131
12.9812 27.2145
12.9852 27.2021
12.9503 27.4832
12.9445 27.5963
12.9555 27.407
12.9437 27.6166
12.9826 27.2094
12.9432 27.6284
12.9613 27.3418
12.9534 27.4357
12.982 27.2111
12.944 27.609
12.9585 27.3713
12.9376 27.8575
13.0348 27.3667
12.9888 27.1932
12.9804 27.2168
12.9787 27.2235
12.9457 27.5676
12.9511 27.4676
12.9679 27.2845
12.9777 27.2273
12.9519 27.4549
12.9809 27.214
12.9875 27.195
12.9703 27.2679
12.9893 27.1916
12.9729 27.2513
12.9579 27.3764
12.9494 27.4944
12.9881 27.1929
12.9454 27.5717
12.9446 27.5896
12.9466 27.5465
12.9685 28.6833
13.0547 27.7644
12.9688 27.2765
12.9811 27.212
12.9611 27.3409
12.9651 27.3049
12.9813 27.2109
12.9598 27.354
12.9483 27.513
12.971 27.2616
13.0501 27.6118
12.9441 27.6
12.945 27.5798
12.9823 27.2075
12.943 27.6274
12.9659 27.2974
12.9571 27.3834
13.0569 27.9242
12.9618 27.3337
12.9477 27.522
12.9595 27.3566
12.9372 27.8747
13.0493 28.3756
13.0528 28.2778
12.9622 27.3298
13.0506 27.6242
12.9656 27.2999
12.9446 27.5875
12.9451 27.576
12.99 27.1881
13.0036 27.1878
12.9367 28.0184
12.9449 27.5794
12.9434 27.6146
12.9912 27.186
12.9539 27.4218
12.958 28.5919
12.9829 27.2041
12.9673 27.2856
12.9592 28.6053
13.0571 27.94
12.9828 27.2042
12.9372 28.0981
12.9405 27.6989
12.946 27.5531
12.9747 27.2373
12.9617 27.3321
12.9819 27.2063
12.9825 27.2041
12.9806 27.2108
13.0215 27.2514
12.9443 27.5903
12.9668 27.2875
12.9454 27.5634
13.0566 28.1036
12.992 27.1831
12.9495 27.4859
13.0087 28.7654
12.9628 27.321
12.9911 27.184
13.0569 27.8944
12.9442 27.5891
12.9628 27.3198
12.9613 27.3343
12.947 27.5287
13.0519 28.3147
12.9584 27.3634
12.9574 27.3741
12.9449 27.573
13.0332 27.3405
12.9719 27.2507
13.0573 27.9456
12.9453 27.5621
12.9752 27.232
12.9517 28.5158
12.9576 27.3712
13.0352 28.6028
12.9432 28.3553
12.9859 27.1918
12.9364 27.9339
12.9809 27.207
12.9634 27.3131
12.9436 27.6013
12.9863 27.1905
12.937 27.8603
12.9787 27.2152
12.946 28.4186
12.9879 27.1871
12.9812 27.2056
12.9907 27.1823
12.9874 27.1878
13.0239 27.2625
12.9968 27.1778
12.9909 27.1817
12.9904 27.1822
12.9409 27.6758
12.9851 27.1931
12.9514 28.5142
12.9769 28.7392
12.9736 27.2394
12.9588 27.3567
13.0121 27.2033
12.9437 28.3703
12.9481 27.505
12.9621 27.323
12.9932 27.1787
12.9732 27.2411
12.9813 27.2039
12.943 27.6121
13.0129 27.2056
12.9902 27.1816
12.9362 27.9547
12.951 27.4553
13.0353 28.6042
12.9768 27.2222
12.9612 27.331
13.0246 27.2658
12.9731 27.2409
12.9752 27.2298
12.9432 27.6078
12.9458 27.5473
12.9629 27.3148
12.9775 27.2185
12.9672 27.2794
12.985 27.1915
12.9934 27.1772
12.9726 27.2435
12.9438 28.3736
12.9812 27.2031
12.9939 27.1766
12.9365 27.8942
12.9724 28.7181
12.9812 27.2031
12.9863 27.1879
12.9854 27.1899
12.9628 27.3141
12.9453 27.557
12.9838 27.1943
12.9588 27.3542
12.9932 27.1764
12.9475 27.5114
12.9851 27.1899
12.9744 27.2319
12.9876 27.1841
13.0536 28.275
12.9468 27.5239
12.9964 27.1744
12.9743 27.232
12.9496 27.4746
12.9772 27.2177
12.9495 27.4753
12.9965 27.1741
12.9373 27.8156
12.9586 27.3535
12.9552 27.3929
12.9368 27.8453
13.027 28.6828
12.9601 27.3372
12.9812 27.2003
12.9464 27.5299
12.9691 27.262
12.9496 27.4715
12.9431 27.6016
12.955 27.3938
12.9488 27.4852
12.984 27.191
12.9698 27.2572
13.03 28.6602
12.9859 27.1858
12.9371 27.8231
12.966 28.6789
13.015 27.2089
12.9359 27.9572
12.936 28.0403
12.9773 27.215
12.9475 27.5058
12.9694 27.2587
12.9633 27.3058
12.9777 27.2126
12.9721 27.2415
12.992 27.1738
12.9839 27.1895
13.0542 27.7014
13.0356 27.3556
13.0545 28.2536
12.9843 27.1878
12.9471 27.5112
12.9646 27.2936
12.9499 27.4634
12.9426 27.6101
13.0182 27.2214
12.9773 27.213
12.9623 27.3129
12.9496 27.468
12.9689 27.2603
12.9485 27.4855
12.9831 27.1903
12.9477 27.4994
12.9813 27.1959
12.9907 27.1733
12.9596 27.3378
12.9625 27.3097
12.9554 27.3841
12.9363 27.8624
12.9494 27.4687
12.9624 27.3097
13.0061 27.1778
12.9759 28.7444
12.962 27.3128
13.0232 28.7149
12.9439 27.5735
12.9494 27.4677
12.9427 27.6004
12.9413 27.6383
12.9692 27.2552
12.9423 27.6113
12.9719 27.2383
12.9823 27.1907
12.9446 27.5562
12.9775 27.2094
12.9374 27.7806
12.9865 27.1789
12.9817 27.1922
12.9507 27.4457
12.9448 27.5498
12.956 27.3738
12.9366 27.8264
12.9771 27.2103
12.9812 27.1937
12.9615 27.316
12.9614 27.3164
12.9675 27.266
12.9745 27.2223
12.9454 28.4286
12.9524 27.4203
12.9434 27.5812
12.9545 27.3923
12.9624 27.3072
12.9561 27.372
13.0532 28.3117
12.9627 27.3032
12.9841 27.1832
12.9787 27.2017
12.9447 27.5502
12.962 28.6536
12.9809 27.1931
13.008 28.7828
12.9533 27.4062
12.9431 27.5852
12.9802 27.1957
13.0424 27.4333
12.9434 27.5777
12.9648 27.2845
12.9537 27.4001
12.9717 27.2361
13.0354 27.3447
12.9763 27.2117
13.0542 27.6861
13.0263 27.2642
12.9567 27.3626
12.9561 27.3691
12.9781 27.2031
12.9783 28.7594
12.9916 27.1668
12.9715 27.2369
13.0133 27.1933
12.9671 27.2661
12.9618 27.3092
13.0429 27.4382
12.9767 27.2088
12.9546 27.3868
12.9857 27.1772
12.9892 27.1699
12.9656 27.2771
12.9779 27.2032
12.9501 27.4498
12.9837 27.1823
12.944 28.4053
12.9737 27.2234
12.9933 27.1643
12.9714 27.236
12.9808 27.1913
12.9876 27.1722
12.9812 27.1899
12.941 27.6349
12.9827 27.1848
12.9924 27.1649
12.9785 27.1998
12.9826 27.1848
12.9476 27.4888
12.9718 28.7289
12.9776 27.2035
12.9791 27.197
12.9829 27.1833
12.9697 27.2459
13.0043 27.1678
12.9803 27.1919
13.0586 27.9572
13.0585 28.0457
12.9746 27.217
13.0429 27.4356
13.0574 28.1467
13.0584 28.0636
12.9732 27.2243
12.9931 27.1628
12.9738 27.2206
12.981 27.1889
12.9742 27.2186
12.9585 27.3386
12.9445 27.5458
12.9512 27.4291
12.9733 27.2227
12.9923 27.1629
12.9926 27.1625
12.9865 27.1722
12.9725 27.2269
12.9819 27.1849
12.9699 27.2427
12.9829 27.1814
12.9645 27.2815
12.935 28.025
12.9776 27.201
12.943 27.576
12.9827 27.1817
12.9554 27.3713
12.9616 27.3067
12.9418 27.6062
12.9415 27.6151
12.989 27.1663
12.9526 27.4073
12.9816 27.185
12.9364 28.1631
12.9575 27.3474
12.9698 27.2423
12.9379 27.7289
12.9903 28.7973
12.9423 27.5921
13.003 27.1633
12.9908 27.1631
12.9835 27.1786
12.9629 27.2942
12.9418 27.6042
13.039 27.3786
12.9409 27.6293
12.95 27.444
12.9825 27.1809
13.048 27.5176
12.9349 28.0183
12.9873 27.1684
12.9532 28.5661
12.958 27.3404
12.942 27.5974
12.979 27.1931
13.0537 28.3133
12.9683 27.2512
12.9666 27.2633
13.0499 27.5561
12.954 27.3873
13.0011 28.8014
12.9526 27.4044
12.993 27.1593
12.9437 27.5576
12.9449 27.5307
12.9473 27.4856
12.9552 27.3705
12.9807 27.1858
12.9487 27.4617
12.9502 27.4388
12.9584 27.3347
12.9878 27.1658
12.9748 27.211
12.9628 27.2924
12.941 27.6217
13.0433 27.4346
12.9487 27.4604
12.992 27.159
12.9704 27.2355
12.9587 27.3307
12.9883 27.1639
12.9805 27.1852
12.9645 27.2767
12.9418 27.5967
12.9346 27.9611
12.9467 27.4936
12.9809 27.1834
13.0163 27.1969
12.942 27.5919
12.9807 27.1833
12.9358 27.8178
12.9901 27.1598
12.9546 27.3753
12.9345 27.9961
12.99 27.1597
12.9514 27.4175
12.9688 27.2437
13.0587 28.0922
12.9798 27.1862
13.0334 27.3122
12.9412 27.6109
12.9716 27.2253
12.9468 27.489
12.9475 27.4779
12.9979 27.1542
12.9943 27.1545
12.9509 27.4231
12.9364 28.1897
12.9826 27.1754
12.9828 27.1749
12.9477 27.4727
12.9359 27.8019
12.9433 27.5581
12.9473 27.4795
12.9707 27.2291
12.9703 27.2316
12.944 27.5414
12.9652 27.268
12.9365 27.7675
12.9569 27.3447
12.9866 27.1638
12.943 27.5614
12.959 27.3224
12.941 27.6112
12.9674 27.25
12.9474 27.4755
12.9615 27.2983
12.976 27.1995
12.9845 27.1683
12.9419 27.5872
12.9614 27.2991
12.9688 27.2401
12.9758 28.7617
12.9777 27.1915
12.9574 27.3382
12.9844 27.1681
12.9536 27.3822
12.9895 28.8044
12.9627 27.2859
13.0595 27.9651
12.9816 27.1761
12.9894 27.1568
13.0556 28.2714
12.9601 27.3098
12.9778 27.1903
12.9807 27.1788
13.0312 28.6758
12.948 27.4621
12.9609 27.3019
13.0438 27.432
12.9701 27.2305
12.9466 27.4868
12.947 27.4785
12.9913 27.1532
12.9473 27.4736
12.9405 27.6185
12.944 27.5347
12.9823 27.1724
12.9443 27.5293
12.9345 27.8922
12.9585 28.6397
12.9705 27.2268
12.9512 28.5519
12.9343 28.0536
12.9343 27.9184
13.0223 27.2211
12.9912 27.1525
12.9917 27.1518
12.9704 27.2267
12.9486 27.4499
13.0196 27.2053
12.9433 27.5479
12.9622 28.6758
12.9733 27.2092
13.0007 27.1498
12.9809 27.1757
12.9552 27.3583
12.9349 27.8425
13.0597 27.9778
12.9865 27.1593
12.9584 27.3228
13.0489 28.4511
12.9407 27.6093
12.9799 27.1788
12.9451 27.5098
12.9985 27.1478
12.9887 27.1545
12.9402 27.622
13.0319 28.6733
12.9793 27.1808
12.9843 27.1641
13.0209 27.2111
12.9986 27.1474
12.9471 27.4725
12.9393 27.6456
12.9663 27.252
12.9451 27.508
12.9341 28.048
12.9407 27.6069
12.9639 27.2711
12.9729 27.2098
12.9409 27.6002
12.9608 27.2981
12.948 27.4567
12.9562 27.3444
12.936 27.7669
12.9708 27.2212
12.9853 27.1603
12.9422 27.5685
12.9875 27.1552
12.9511 27.4074
12.98 27.176
12.9424 27.5633
12.9863 27.1573
13.0573 27.7469
12.9511 28.5567
12.9906 27.1491
13.0164 27.1864
12.9482 27.4511
13.0043 27.1508
12.9692 28.7325
12.9816 27.1696
12.9909 27.1483
12.9763 27.1903
12.9607 27.2961
12.9672 28.7194
12.9444 27.517
12.9359 27.7667
13.0346 27.3109
12.9514 27.4016
12.9971 27.144
12.9878 27.1527
12.982 27.1674
13.0391 27.36
12.9507 27.4114
12.9584 27.3175
12.9431 28.4233
12.9605 27.2972
12.9805 27.1723
12.9705 27.22
12.9583 27.3187
12.9686 27.2321
12.9611 27.2913
12.9397 27.6262
12.9608 28.669
12.9337 27.9592
12.9613 27.2891
12.939 27.6461
12.9886 27.1501
12.955 27.3537
12.9739 27.2
12.9386 27.6558
12.9564 27.3368
12.9343 28.1111
12.9766 27.1863
12.9684 27.2324
12.9517 27.3947
12.9371 27.7061
12.9397 27.6212
12.9879 27.1503
12.9452 27.4975
12.9789 27.1765
12.9429 27.5435
12.9457 27.4872
12.9752 27.1924
12.942 27.5628
12.9749 27.194
12.9566 27.3337
12.9808 27.1691
12.9812 27.1677
13.003 27.1453
12.9815 27.1663
12.9412 27.5831
12.947 27.4652
12.9435 27.5306
12.9514 27.3973
12.9771 27.1832
13.0602 27.9431
12.9602 27.2966
13.0603 27.9772
12.9362 28.2272
12.9727 27.2044
12.9482 27.4439
12.9533 27.3719
12.959 27.308
12.9439 27.5215
12.9734 27.2002
12.9591 27.3063
13.0364 28.6383
12.9942 27.1411
12.9431 27.536
12.9905 27.1445
12.9703 27.2179
12.9496 27.4211
12.9696 27.2219
12.974 27.1968
12.9445 27.5077
12.9422 27.5555
12.9432 28.4331
13.0328 28.6747
13.0582 27.7642
12.9367 27.7135
12.9816 27.164
12.9721 27.206
12.9635 27.2657
12.9509 27.402
12.9846 27.155
12.9752 28.7719
13.0237 28.7442
13.0078 27.1517
12.9432 27.5314
12.982 27.1624
12.9908 27.1426
12.9778 27.1776
12.9426 27.5433
12.9835 27.1571
12.979 27.1722
12.9496 27.4178
13.0522 27.5681
13.0424 27.3935
13.0602 27.8997
12.9418 27.5597
12.9748 27.1904
12.9696 27.2193
12.9803 27.1667
12.9333 28.0308
12.9926 27.1392
12.9662 27.242
12.9401 27.6013
13.0603 27.9047
12.9536 27.3629
13.0039 28.8189
12.9491 27.4246
12.9429 27.5355
12.9452 27.49
12.9891 27.1431
13.0311 28.6936
12.9605 27.2887
12.9559 27.3355
12.9397 27.6095
12.9876 27.1455
12.9748 27.1889
12.9354 27.7583
12.95 27.4105
12.9504 27.4044
12.9406 27.585
12.9721 27.2029
12.9536 27.3617
12.9873 27.1453
13.0233 27.2122
12.9687 27.2228
12.982 27.1588
12.9748 27.1879
12.9918 28.8231
12.9829 27.1561
12.9699 27.2151
12.9331 27.9461
12.9925 27.1372
12.964 27.2565
12.9494 27.4175
12.954 27.356
13.0194 27.1897
12.9851 28.8118
12.9517 27.3843
12.9563 27.3289
12.949 27.4232
12.9333 28.0656
12.9945 27.1351
13.0602 28.0977
12.9355 27.7475
12.9898 27.1397
12.9924 27.1365
12.9923 27.1366
12.9445 27.4976
12.9681 27.225
12.9454 27.4809
12.9722 27.2002
12.9527 27.3692
12.9958 27.1336
12.9465 27.4603
12.9451 27.4844
12.9723 27.1988
12.9593 27.2959
12.9829 27.1538
12.9355 27.7451
12.9914 27.1362
12.9476 27.4416
12.9485 27.4273
12.9912 27.1362
12.9712 27.2045
12.9735 27.1914
13.0595 28.1619
12.9448 27.4883
12.961 27.2788
12.9351 28.2106
12.9692 27.2156
12.984 27.1493
12.9669 27.231
12.9541 27.3498
12.9626 27.264
13.0531 27.5764
13.0269 27.2311
12.9725 27.1957
12.9353 27.7486
12.9596 27.2908
13.0567 28.2876
12.9927 27.1331
12.9588 27.2981
12.981 27.1577
12.9619 28.6936
12.9765 27.1753
12.9421 27.5417
12.947 27.4486
12.939 27.6163
12.9411 27.5623
12.945 27.4822
12.9447 27.4877
12.9448 27.4859
12.9795 27.1623
12.9609 27.2778
12.9478 27.434
12.9816 27.1548
12.9352 27.7453
12.9765 27.1745
12.9429 27.5223
12.9939 28.83
12.9943 28.8303
12.9797 27.1614
12.9538 27.3511
12.968 27.2216
12.9482 28.5372
12.9454 27.4737
12.9444 27.4915
12.9763 27.1748
12.9446 27.4879
12.9381 27.6383
12.9515 27.3788
12.9571 28.6508
12.9528 28.6025
12.9476 28.5303
12.9931 27.1304
12.9435 27.5072
12.939 27.6122
12.9764 27.1733
12.9329 28.0656
12.9701 27.2062
12.9897 27.1338
12.9688 27.2142
12.9466 27.4499
12.9677 27.2217
12.966 27.2335
12.9687 27.2148
12.9621 27.2643
12.9497 28.5619
12.9504 27.3927
13.0165 27.1689
12.9513 27.3799
12.9414 28.4156
12.9553 27.3306
12.9782 27.1647
12.968 27.2189
12.9479 27.4286
12.9637 27.2506
12.9654 27.2367
12.943 27.515
12.9391 27.6049
12.9373 27.66
12.9686 27.2141
12.9807 27.1546
12.9923 27.1293
13.0582 28.2458
12.9504 27.3906
12.9665 27.2287
12.9523 27.3659
12.9859 27.1395
13.0228 28.7628
12.9402 27.5758
12.9564 27.3174
12.9324 27.9839
12.9463 27.4532
12.9612 27.27
12.9533 27.3518
12.9618 28.6983
12.9391 27.6026
12.9565 27.3159
12.9324 28.0017
12.9327 27.8917
12.9678 27.2185
12.9405 27.5672
12.9805 27.1537
12.9341 28.1828
12.9616 27.2657
12.9582 27.2966
12.9574 27.3051
12.9665 27.2263
12.9593 27.2857
12.9573 27.3055
12.969 27.2092
13.0612 27.9025
12.9508 27.3815
12.9617 28.7
12.9667 27.2243
12.9529 27.3542
12.9913 28.8336
13.0074 27.1358
12.9401 27.5745
12.9447 27.4765
13.0615 27.9614
12.9322 27.9736
12.9488 27.409
12.9531 27.3517
12.9636 27.2469
12.943 27.5077
13.0561 28.3272
12.9548 27.3309
12.9638 27.2447
12.9465 27.4438
12.9691 27.2066
12.9677 27.2159
12.9409 27.5529
12.9568 27.3083
12.9424 27.5192
12.9848 27.1382
12.9765 27.167
12.9383 27.6162
12.987 27.1327
12.9474 28.5372
12.9923 27.1247
12.9766 27.1659
12.9325 27.8889
12.9633 27.2472
12.9406 27.5566
12.9625 27.2535
12.9646 27.2365
12.9665 27.223
12.9839 27.1395
12.9383 27.6145
12.9916 27.1247
13.0601 27.7972
12.9465 27.4418
12.9386 27.6054
12.9691 27.2052
12.9404 27.5615
12.9703 27.1975
12.9721 27.187
12.9521 27.3598
12.9649 27.2337
12.9904 27.1256
13.0484 28.5044
12.9632 27.2471
12.9715 27.1899
12.9995 28.8394
12.9655 27.2289
12.9903 27.1251
12.9888 27.1273
12.9562 27.3115
13.0558 27.6225
12.9757 28.7944
12.9547 27.3275
12.9683 27.2084
12.9571 28.6619
12.9779 27.1578
12.9785 27.1554
12.968 27.21
12.9527 27.3508
12.9626 27.2497
12.9423 27.5145
12.9405 27.5543
12.9364 28.3017
13.0571 28.3081
12.9723 27.1837
12.9705 27.1938
12.9775 27.1585
12.9902 27.1237
12.9924 28.84
12.9915 27.122
13.0535 28.4061
12.9739 27.1747
12.9713 27.1889
12.9991 28.8418
12.9519 27.359
12.9461 27.4443
12.9547 27.3255
12.9708 27.1914
12.9381 27.6135
12.9889 27.1252
13.0579 28.2817
12.9342 28.2172
12.9906 27.1226
12.9389 27.5916
13.0406 27.3441
12.9564 27.3065
12.9484 27.4068
12.9877 27.1269
12.9923 27.1202
12.9364 28.3044
13.0322 27.2567
12.9444 27.4718
12.9818 27.141
13.0477 27.4425
12.9553 27.3171
12.9834 27.1364
12.9596 27.274
12.9636 27.2394
12.9624 27.2488
12.945 27.4606
12.9768 27.1596
12.965 28.7344
12.9803 27.1459
13.0619 27.9375
12.9892 28.8381
12.9395 27.5725
12.9426 28.4617
12.9398 27.5661
12.9432 27.4933
12.9366 27.6549
13.0405 27.3405
12.9393 27.5774
13.0612 28.1214
12.9722 27.1812
12.9331 27.8044
12.9449 27.461
12.9316 27.9683
12.9928 27.1181
12.9401 27.5578
13.0396 27.3292
12.9805 27.1437
12.9384 27.5976
13.0407 27.3408
12.9869 27.1259
12.9922 27.118
13.0286 28.7375
13.0585 28.2697
12.9446 27.4644
12.9889 27.1218
12.9598 27.2691
12.9844 27.1312
12.938 27.6069
12.9443 27.4689
13.0374 27.3028
12.9846 27.1306
12.9546 27.3218
12.9333 28.1868
12.9383 27.5995
12.9428 27.497
12.9408 27.5369
13.0416 27.35
12.9367 28.3231
12.9795 27.1457
12.932 28.0998
12.9445 27.4638
12.9439 27.4749
13.0552 28.3756
13.0065 28.8378
12.9744 27.1668
12.9914 27.1167
12.987 27.1237
12.9447 27.4586
12.9712 27.1836
12.9791 27.1464
12.9626 27.2431
12.9811 27.1392
13.0287 28.7389
12.959 27.274
13.049 27.4583
12.9755 28.8008
12.9795 27.1444
12.9482 28.5622
12.9507 27.3675
13.062 27.8983
13.0408 27.3383
12.94 27.5528
12.9742 27.1666
12.9439 27.4715
13.0603 28.1992
12.95 27.3753
12.9713 27.1819
12.993 27.1141
12.9599 27.265
12.9379 27.6055
12.9822 27.1347
12.9676 27.2042
12.9564 27.2988
12.9626 27.241
12.9438 27.4731
13.0431 27.3661
12.9698 27.1903
12.9639 27.2307
12.9769 27.1535
12.9346 27.7117
12.9688 27.1957
13.0554 28.3747
12.9459 27.4354
12.9422 27.5028
12.9407 27.5346
12.9418 27.5117
12.9324 27.8213
12.9519 27.3488
13.0624 27.9406
12.9819 27.1344
12.9846 27.1267
12.9434 27.4782
13.0589 28.2658
12.99 27.1159
12.939 27.5733
12.9482 27.3986
12.9437 27.472
13.0252 27.1967
12.9455 27.4401
13.0455 28.5667
12.9627 27.2387
12.9493 27.3824
12.9592 27.2684
12.9537 27.3254
13.0393 28.6464
12.9774 27.1495
12.987 27.1201
12.9444 27.4578
12.9573 27.2865
12.9449 28.5167
13.0624 27.9267
12.9895 27.1153
12.9514 27.3529
12.9995 28.8507
13.0103 27.1283
12.976 27.1548
12.9506 27.363
12.9994 28.851
12.9476 28.5594
12.9403 27.5391
12.9751 27.1588
12.9403 27.5382
13.0545 27.5633
12.9625 27.2387
12.9642 27.2247
12.9832 27.1282
12.9743 27.1623
12.9399 27.548
12.9434 27.474
12.9806 27.1361
12.9765 27.1517
12.9776 27.1472
12.9499 27.371
12.9646 27.2213
12.9543 27.3164
13.0331 28.7095
12.9812 27.1333
12.9593 28.6983
12.9767 27.1504
12.9826 27.1291
12.9627 27.2357
12.9879 27.1162
12.9778 27.1456
12.9396 27.5524
12.9703 27.1824
12.9358 28.3117
12.9594 27.264
12.9482 27.394
12.9883 27.1151
12.944 27.4609
12.9811 27.133
13.0094 27.1233
12.9378 27.5965
12.9932 27.1086
12.9344 27.7044
12.9865 27.118
12.9683 27.1939
12.9417 27.5047
12.96 27.2572
12.931 28.0384
12.9374 27.6061
12.9398 27.5441
12.9478 27.3983
13.061 28.1886
12.9515 27.348
13.0628 27.9869
13.003 28.8509
12.9766 27.1491
12.9553 27.3024
13.0469 28.5536
12.969 27.1886
12.9685 27.1917
12.9697 27.1841
13.0472 27.4169
12.9332 28.2149
12.9768 27.1476
12.9388 27.5662
13.0501 27.4647
12.9784 27.1406
12.9711 27.1751
12.9445 27.4482
12.9703 27.1795
12.9742 27.1587
12.9847 27.1202
12.9429 27.4782
12.9918 27.1077
12.9775 27.1435
12.959 27.264
12.9479 27.3945
12.9392 27.5543
12.9513 27.3473
12.9531 27.3251
13.0228 27.1756
12.9331 28.2184
12.933 28.2135
12.9927 27.1063
12.9598 27.2564
12.9336 27.7264
12.9715 27.1717
12.9882 27.1119
12.9386 27.5677
12.9387 27.5655
12.9351 28.2981
12.9716 27.1704
12.9764 27.147
13.063 27.9622
12.9825 27.1246
12.9869 27.1137
12.933 28.2149
12.9641 27.2192
12.9766 27.1458
12.9328 27.7602
12.9395 27.5452
12.99 27.1078
12.9611 27.2425
12.9327 28.2022
12.9729 27.163
13.0469 28.5583
12.9579 27.2721
12.9406 27.5195
12.958 27.2708
12.9632 27.2256
12.9551 27.3002
12.9508 27.3503
12.9866 27.1132
12.9901 27.1071
13.0631 28.0303
12.9711 27.1721
12.9524 27.3303
12.9539 28.6514
12.9388 28.4067
12.9401 27.529
12.9456 27.4251
13.0118 28.8364
12.9861 27.1139
12.9482 27.386
12.9411 27.5065
12.9487 27.3783
13.0109 27.1219
12.9814 27.126
12.9572 27.2774
12.9637 27.2198
12.9313 28.1193
13.0115 28.8383
12.986 27.1133
12.9879 27.1092
12.9405 27.5183
12.9904 27.1051
12.9596 27.2536
12.9398 27.533
12.9813 27.1257
13.0309 28.7368
12.9844 27.1165
12.9528 27.3233
13.0211 27.1617
12.9391 27.5478
12.9852 27.1142
12.9836 27.1183
12.9858 27.1127
12.9821 27.1225
13.0133 28.8336
12.9399 27.5305
12.9446 27.4392
12.9585 27.2624
12.9817 27.1232
12.9328 28.2189
12.9556 27.2915
12.9434 27.4593
12.9342 27.6869
12.972 27.1639
12.9863 27.1109
12.9605 27.2442
12.9897 27.1047
12.9836 27.1173
13.0569 27.6039
12.9307 28.0808
12.9308 28.0896
12.9391 27.5458
12.9685 27.1837
12.9584 27.2626
12.938 27.5715
12.9435 27.4564
12.9531 27.3183
12.9394 27.5389
12.9866 27.1096
12.9447 27.4351
12.9833 27.1173
13.0043 27.1042
12.946 27.4132
12.9388 28.4142
12.9598 27.2489
12.9628 27.2232
12.954 27.3063
12.9806 27.1252
12.9564 27.281
12.9777 27.1357
12.9778 27.1352
12.9307 28.0852
12.9715 27.1648
12.9556 27.2888
12.9731 27.1559
12.9399 27.5246
12.9409 27.5041
12.959 27.2546
12.9459 27.4126
12.9853 27.111
12.9572 27.272
13.0487 27.4267
12.9538 27.3071
12.9736 27.1533
12.9405 27.5105
12.9557 27.2864
13.0407 28.6478
12.9397 27.5279
13.0635 27.9486
12.9804 27.1243
12.9306 28.0892
12.9765 27.1387
12.967 27.1907
12.9407 27.5051
12.9411 27.4963
13.02 27.1514
13.0192 27.1475
12.9558 27.2839
12.952 27.3274
12.9595 27.2482
12.9767 27.1375
12.9867 27.1062
12.9527 27.3187
13.0385 28.6742
12.9813 27.12
12.9848 27.1102
12.9667 27.1915
12.9805 27.1226
13.0423 27.3325
12.9828 27.1152
12.9411 27.4959
12.9409 27.4984
12.9481 27.3768
12.9443 27.4351
12.9409 27.4978
12.9866 27.105
13.0636 28.0414
12.9763 27.1379
12.9593 27.248
12.963 27.2169
12.9748 27.1442
13.0416 28.6411
12.9464 27.4
13.0531 27.5019
12.9364 27.6021
12.9493 27.3587
12.9724 27.1556
13.0262 28.7781
12.9438 27.4419
12.9698 27.1702
12.9383 27.5536
12.9399 27.5162
13.0367 28.6953
13.0564 27.5775
12.9778 27.1303
12.9802 27.1216
13.043 28.6256
12.9492 27.3588
12.954 28.6644
12.9433 27.4494
13.0037 28.8636
12.957 27.2681
13.0516 28.4944
13.0637 27.9128
12.9553 27.2859
12.951 27.3348
12.9741 28.8161
12.9767 27.134
12.9791 27.1245
12.9747 27.1429
12.9643 27.2049
12.9884 27.0996
12.9315 27.7844
12.9853 27.1057
12.9859 27.1043
12.9317 27.7753
12.9628 27.2158
12.9845 27.1074
12.9637 27.2089
12.9431 27.4518
12.9515 27.3278
12.9886 27.0987
12.9858 27.104
13.064 27.9644
12.9747 27.1417
12.9743 27.1431
12.9891 28.8642
12.9464 27.3953
12.9436 27.4403
12.9901 27.0955
12.9745 27.1421
13.064 28.0183
12.9617 27.2234
12.9657 27.1933
12.9813 27.1149
12.9811 27.1154
12.9401 27.5068
12.9858 27.1025
12.9631 27.2116
12.9736 27.1457
12.9301 27.8794
13.0503 28.5231
12.9801 27.118
12.9719 27.1537
12.9373 27.5694
12.9829 27.1089
12.9435 27.4397
12.9542 27.2925
12.9407 27.491
13.0569 28.3858
12.9641 27.202
12.9384 27.5417
13.0618 28.2192
12.9521 27.3154
12.9363 27.5949
12.9673 27.18
12.9383 27.5434
12.9683 27.1733
12.9907 28.8689
12.9939 27.0892
12.9611 27.2251
12.9762 27.1313
12.9486 27.3599
12.9563 28.6947
12.9667 27.1828
12.945 27.4132
12.9933 27.0891
12.9542 27.2905
12.9411 27.4804
12.9393 27.5184
13.0547 27.5242
12.9822 27.1088
12.9512 27.3247
12.951 27.3273
12.9497 27.3433
12.9832 28.8556
12.9622 28.7481
12.933 27.6967
12.967 27.18
13.0153 27.1216
12.9861 27.0984
12.9546 27.2853
12.9864 27.0977
12.9332 27.6883
12.9484 27.3605
12.931 28.1819
12.9615 27.2199
13.0202 28.8203
12.9635 27.2041
12.9646 27.1957
12.9773 27.1245
12.9386 27.5314
12.99 27.0905
12.9393 27.5144
13.0251 28.7939
12.9364 28.3825
12.9405 27.4906
12.9727 27.1453
12.942 27.4599
12.9663 27.1831
13.0544 28.4526
12.9463 28.5771
12.941 27.4802
12.953 27.3006
12.9431 27.4409
12.9377 27.5496
12.9441 27.4239
13.0213 27.1461
12.9834 27.1033
13.051 27.4461
12.9891 27.091
13.0444 27.345
12.9625 27.2103
12.9911 27.0881
12.9846 27.0997
12.9625 27.2096
12.9591 27.2383
12.9444 27.4166
12.9864 27.0954
12.9888 27.0911
12.9516 28.6486
12.9544 27.284
12.9593 27.2363
12.9611 27.2204
12.9497 27.3387
12.9864 27.0948
12.9368 27.5686
12.9366 27.5746
13.0514 28.5142
12.953 27.2986
12.9538 27.2894
12.9572 27.2547
12.9917 27.0862
12.975 27.1318
12.947 27.3758
12.937 27.5627
12.9805 27.1101
12.9871 27.0927
12.9558 27.2685
12.9886 27.0901
12.9472 27.3725
12.9385 28.4383
12.9504 27.3289
13.0645 27.9375
13.0227 27.1511
12.9686 28.7969
12.9832 28.86
13.0646 27.9394
12.9393 27.5084
12.9809 27.1081
13.0504 27.4312
12.9893 27.0881
13.0302 27.1997
12.9907 27.0862
12.9574 27.2513
13.0231 27.1528
13.0007 28.8775
12.9444 27.4131
12.9524 27.3039
12.9437 27.4244
12.9395 28.4631
12.9624 27.2076
12.9389 27.5154
12.952 28.6567
12.956 27.2643
13.0602 28.3075
12.9969 27.0813
12.9493 27.3405
12.9693 27.159
12.9456 27.3922
12.9692 27.1594
12.9812 27.1055
12.9513 27.3153
12.9717 28.8169
12.959 27.2348
12.9831 27.0996
12.9453 27.3967
13.0648 28.0089
12.9507 27.3225
12.9789 27.113
12.9364 27.5718
12.9714 27.1467
12.9855 27.0933
12.9475 27.3635
12.9655 27.1826
12.937 27.556
12.9362 28.3889
12.9291 28.0619
12.971 27.1481
13.0622 27.7342
12.9424 27.4439
12.9509 27.3186
12.9437 27.4213
12.9819 27.1016
12.9844 27.0949
12.9888 27.0858
12.9854 27.0923
12.9459 27.3858
12.9732 27.1361
12.9822 27.1005
13.0091 28.8675
12.9399 27.489
13.0611 27.6856
12.9797 28.8533
12.9824 27.0996
12.9566 27.2549
13.0623 28.2353
12.9595 27.2278
12.9756 27.124
12.9912 27.0817
13.047 27.3722
12.9793 27.1091
12.9622 27.2048
12.9706 27.1481
12.9382 27.5234
12.9721 27.1403
12.9676 27.1663
12.9923 27.0798
12.9513 27.3104
12.9757 27.1224
12.9743 27.1292
13.0307 27.1975
12.9794 27.1079
12.983 27.0963
12.9815 27.1008
12.9827 27.0972
13.0066 28.8747
12.9688 27.1577
12.9471 27.365
12.9584 27.2351
12.9354 27.5916
12.9586 28.7297
12.9755 27.1224
12.9618 27.2061
12.9857 27.0889
12.9855 27.0892
12.9838 27.0932
12.9661 28.7883
13.0053 28.878
12.9484 27.3447
12.9731 27.133
12.9887 27.0821
13.035 28.7325
12.9538 27.2793
12.9801 27.1036
12.9903 27.0798
12.9822 27.0969
12.9759 27.1192
12.9391 27.4998
12.9684 28.8044
12.9879 27.083
12.9552 27.2643
12.9857 27.0875
12.9654 28.7853
13.0204 28.8311
12.9781 27.1102
13.026 27.1621
12.9518 27.3011
13.0101 27.0921
12.9753 27.1213
12.9361 27.569
12.9566 27.2501
12.9586 27.231
12.9316 27.7142
12.9381 27.5208
12.9489 27.336
13.0226 27.1414
12.9451 27.3898
12.9497 27.3261
12.9395 27.4898
12.9595 27.2225
12.9634 27.191
12.9391 27.4977
12.9889 27.0803
12.95 27.3217
12.9731 27.1308
12.9852 27.0871
12.9905 27.0777
12.9437 27.412
12.972 27.1362
12.9373 27.5353
13.0647 28.1106
13.0132 27.0997
13.0474 27.3695
13.064 28.1628
12.988 27.0807
13.0498 28.5583
12.962 27.2001
12.9449 27.3913
12.9539 27.2745
12.9387 27.5034
12.9507 27.311
12.9385 27.508
12.9435 27.4131
12.9819 27.0945
12.9878 27.0805
12.9361 28.4039
12.9733 27.1281
12.9469 27.3607
13.0266 27.1625
12.9555 27.2573
12.9461 27.3713
12.9776 27.1086
12.9754 27.1177
13.0239 27.1456
12.9379 27.5193
12.9461 27.3701
12.975 27.1189
13.0381 27.2547
12.9625 27.1944
12.9472 27.3547
12.9731 27.1277
12.9703 27.1422
12.9745 27.1207
12.9388 27.4976
12.9914 27.0736
12.9815 27.0938
12.9664 27.1652
13.0497 28.565
12.9507 27.3081
12.9863 27.081
13.064 28.1786
12.9592 27.22
13.0512 28.5406
13.0656 27.9742
12.9625 27.1922
12.9287 27.8669
12.9863 27.0804
12.9392 28.4797
12.9304 27.7519
12.963 27.1881
12.9393 27.4854
12.9291 27.8289
12.9298 27.7811
12.9752 27.116
12.9747 27.1182
12.9437 27.4046
12.9839 27.0855
12.9628 27.1896
12.9669 27.1604
12.9503 27.311
12.9782 27.1033
13.0057 27.0764
12.9835 27.0863
12.9427 27.4204
12.9805 27.0951
12.9853 27.0816
12.9703 27.1399
12.941 27.4508
12.9787 27.101
12.9592 27.2184
12.9578 28.7331
12.9638 27.181
12.977 27.1075
12.9638 27.1815
12.9672 27.1582
12.9748 27.1166
12.9598 27.2122
12.9765 27.1089
12.939 27.4882
12.9595 27.2144
12.9387 27.4931
12.9864 27.0784
12.9394 28.487
12.9513 27.2977
12.9742 27.1188
12.9375 27.5184
12.9617 28.7669
12.945 27.3818
12.9861 27.0787
13.0574 28.4208
12.9881 27.0747
12.9568 28.725
12.9378 27.5113
12.941 27.4466
12.9314 27.6972
12.9478 27.34
12.9792 27.0979
12.9403 27.4599
12.9376 27.516
12.9365 27.542
12.977 27.1056
12.9638 27.1793
12.9588 27.2191
12.969 27.1448
12.9834 27.084
12.9665 27.16
12.9374 27.5196
13.0056 28.8878
12.9863 27.0768
12.9639 27.1779
12.9293 27.7963
12.939 27.483
12.9875 27.0741
12.9467 27.353
12.986 27.077
12.9522 27.2834
12.9603 27.2049
13.0274 27.1606
12.9385 28.4728
12.9585 27.2205
12.9827 27.0847
12.938 27.5027
12.9666 28.8047
12.9464 27.3561
12.9278 28.0167
12.9551 27.2518
12.9416 27.433
12.951 27.297
12.9692 27.1419
12.9406 27.4516
12.9465 27.3554
12.9362 27.5435
12.9784 27.0977
12.931 27.7036
13.065 27.822
12.9799 27.0922
12.938 27.5021
13.0659 28.0411
12.9365 27.5349
12.9401 27.4575
13.0396 27.2608
12.9361 27.5428
12.9864 27.074
13.0044 27.0686
13.0313 27.1858
12.9565 27.236
12.9687 27.1431
12.9815 27.0861
12.9383 27.4925
12.9905 27.0667
12.9347 27.579
12.9435 27.3979
13.0318 27.1889
12.9524 27.2783
12.9665 28.8067
12.9382 27.4953
12.9381 27.4965
12.9943 28.8981
12.9637 27.175
12.9393 27.4715
12.9397 27.4638
13.06 28.3628
12.976 27.1052
12.9553 27.2469
12.9595 27.2079
12.93 27.7411
12.9384 27.4902
12.9498 27.3084
12.9405 27.4472
12.9395 27.4671
12.9701 27.1334
12.9407 27.4446
12.9651 27.1645
13.0604 27.6167
12.9601 27.2025
12.9622 27.1859
12.9278 27.8922
12.9834 27.079
12.9746 27.1106
13.0143 28.8703
12.9445 27.379
12.9357 27.5501
12.9501 28.6617
13.0327 27.1942
13.0657 28.0997
12.964 27.1718
12.9606 28.7656
12.943 27.4027
13.0663 28.0014
12.9803 27.0876
13.0648 27.7919
12.9716 27.1243
12.9922 27.0628
12.9478 27.331
12.9895 27.0658
12.9599 27.2028
12.9354 27.5542
12.9923 27.0624
12.9504 27.2982
12.9654 27.1607
12.9678 27.1456
12.9744 27.1101
12.9552 27.2452
12.9539 27.2588
12.9473 27.3375
12.9563 27.2342
12.9404 27.4461
12.9896 27.0649
13.0534 27.4471
12.9788 27.0915
12.9359 27.5407
12.9624 27.1819
12.9629 27.1778
12.984 27.0756
12.9651 27.1619
12.9854 27.072
13.0535 27.4486
12.9353 27.5553
12.9747 27.1078
12.954 27.2568
12.9405 27.4439
12.967 27.1493
12.9395 27.4627
13.0662 28.0525
12.9889 27.065
12.9398 27.4558
12.9638 27.1704
12.9376 27.5012
12.9394 27.4634
12.9444 27.3768
12.9412 27.4296
12.988 27.0662
13.0583 27.5512
12.9666 27.1511
12.9794 27.0881
12.9372 27.5073
12.9291 27.7697
12.9821 27.0792
13.0651 27.8008
12.936 27.5363
12.9411 27.4307
12.9746 28.855
12.9832 27.076
12.9351 27.5562
12.9769 27.0967
12.9582 27.2142
12.988 27.0652
12.9941 28.9028
12.9354 27.5497
12.9831 27.0756
12.9858 27.0691
12.957 28.7397
12.9852 27.0702
12.9432 27.3939
12.9986 28.9039
13.0494 27.3758
12.9853 27.0698
12.9872 27.0659
12.9365 27.5205
12.9359 27.5361
13.0359 27.2161
12.9503 28.6697
12.9636 27.1697
12.9393 27.4615
12.9781 27.0909
12.9561 27.2317
12.9687 27.136
12.9288 27.7831
12.9454 27.3588
12.9584 27.2106
12.9431 27.3942
12.9889 27.0623
12.9368 27.5133
12.9531 27.262
12.9812 27.0797
12.9859 27.0676
12.9806 27.0814
12.9765 27.0965
12.943 27.3942
12.9524 27.2688
12.9342 27.5754
13.0562 28.4717
12.9691 28.8297
12.9357 27.5368
13.0538 27.4468
12.9346 27.5626
12.9677 27.1396
12.9566 27.2247
12.9717 27.1171
12.9554 27.2367
12.9528 27.2629
12.981 27.0788
12.9287 27.7767
12.9641 27.1632
12.9354 27.5407
12.9586 27.2063
12.9398 27.4472
12.9427 27.3965
12.952 28.6931
12.9805 27.0798
13.0209 28.8511
12.9356 27.5359
12.9628 27.1719
12.9531 27.2584
12.973 27.1095
12.9373 27.4963
13.013 27.0786
12.979 27.0841
12.9502 27.2904
12.9782 27.0869
12.9697 27.1261
12.9506 27.2856
12.9383 27.4753
12.9845 27.0675
12.9357 27.5304
12.9364 27.5153
13.0315 27.175
12.9382 27.4762
12.9614 27.1809
12.9791 27.0832
12.9496 27.2969
12.9802 27.0794
13.0441 28.6681
12.9269 27.9439
12.9499 27.2934
12.9364 27.5137
12.9737 27.1049
13.0662 28.1142
12.9351 27.5446
12.9372 27.4967
12.9601 27.1911
12.9268 27.9486
12.9744 27.1011
12.9362 27.5179
12.964 27.1607
12.9621 27.1749
12.9447 28.6044
12.9679 27.1353
12.9718 27.1131
12.9652 27.1522
12.9774 27.0879
12.9356 27.5304
12.9278 27.817
12.99 27.0552
12.9755 27.0952
13.0517 27.4017
12.9701 27.1213
12.9617 27.1764
12.9841 27.066
12.9615 27.1781
13.0607 28.3711
13.0267 28.8236
12.9745 27.0987
12.9454 27.3499
12.9382 27.4711
12.9584 27.2029
13.0384 28.7322
12.9267 27.9319
12.9714 27.1137
12.9266 27.9792
12.9612 27.1789
12.9815 27.0721
12.9689 27.127
12.9784 27.0823
12.9883 27.0562
12.9751 27.0952
12.9361 27.5155
13.0587 28.4272
12.9566 27.2177
12.9498 27.2896
13.0297 27.1575
12.9347 27.5473
13.0126 27.0728
12.9541 27.242
12.9735 27.1021
12.9889 27.0547
12.9706 27.1166
13.0661 28.1481
12.9993 27.0489
12.9846 27.0627
12.9887 27.0546
12.943 27.383
12.9392 27.448
12.9268 28.0698
12.9855 27.0605
12.9615 27.175
12.9677 27.1327
12.9345 27.5499
13.0121 27.07
12.9397 27.4388
12.9863 27.058
12.9272 27.8414
12.9401 27.4298
12.9856 28.9019
12.9509 27.2746
12.9347 27.5437
12.9323 27.6098
12.957 27.2119
12.9865 27.0572
12.937 27.492
13.067 28.0714
12.9809 27.0716
13.0609 28.3739
13.0609 28.375
12.9511 27.2719
12.941 27.4137
12.9302 28.2867
12.9585 27.1982
12.9598 27.1875
12.9535 27.2457
12.9351 27.532
12.9366 27.4976
13.0434 28.6836
12.978 27.0807
12.9373 27.4822
12.9415 27.4034
12.9615 27.1729
12.937 27.4901
12.9421 27.3943
12.9487 27.2998
12.9921 27.0481
13.059 28.4272
12.9785 27.0782
12.9485 28.6633
12.9713 27.1097
12.9595 27.1884
12.9598 27.1857
12.9697 27.1177
12.9706 27.1131
12.9421 28.5733
12.9422 27.391
13.0641 27.6983
12.9433 27.3716
12.9406 27.4164
13.0153 27.0769
12.9338 27.5611
12.9886 27.0508
12.9578 27.2017
12.9624 27.1639
12.9832 27.0619
12.9892 27.0496
12.9405 27.4174
12.9695 27.1174
12.944 27.3609
12.9762 27.0849
13.0624 27.6306
12.9388 27.4484
12.9625 27.1624
12.9603 27.1792
12.9372 27.4805
12.9755 27.0876
13.0079 28.9064
12.989 27.0491
12.9777 27.0786
12.9756 27.0866
12.934 27.5537
12.9541 28.7297
12.9365 28.4742
12.9345 27.5405
12.9342 27.5473
12.9356 28.4542
12.9585 27.193
12.9593 27.186
12.9842 27.0572
12.9928 27.0436
12.9542 27.2326
12.9334 27.5658
12.9675 27.1264
12.9641 27.1488
13.0315 28.8008
12.9505 27.2724
13.0603 28.4033
12.9666 27.1318
12.9628 27.1571
12.9859 27.0524
12.9598 27.1808
12.9707 27.1073
13.0372 28.7553
12.9569 28.7589
12.9373 28.4936
13.0319 27.1641
12.9341 27.5438
13.0588 28.4442
12.9761 27.0817
12.9613 27.1674
12.937 27.4769
12.9804 27.0656
12.9505 27.2694
12.9887 27.046
12.9894 27.0449
13.0373 28.7558
12.9736 27.0916
12.9818 27.0607
13.0592 28.4353
12.9424 27.378
12.9807 27.0639
12.9709 27.1047
12.9497 27.2784
12.9489 27.2878
12.9385 27.4465
12.9447 27.3431
12.9375 27.4656
12.9801 27.0656
12.9695 27.1118
12.9334 27.5586
12.9591 27.1837
12.9787 28.8915
12.9651 27.1384
12.9751 27.0841
13.0591 28.4397
12.9342 27.5371
12.9424 27.3763
12.951 27.2621
12.9364 27.4871
12.9877 27.0458
13.0616 27.5936
12.9729 27.0932
12.9398 27.4204
12.9382 27.4484
12.9355 27.5048
12.9343 28.4347
12.9563 28.7572
12.9804 27.0631
12.9364 27.4854
12.9306 28.3303
12.9607 27.1687
12.9572 27.1979
12.9798 27.0646
12.9752 27.082
12.9715 27.0996
12.9462 27.3188
12.9378 27.4559
12.9566 27.2031
12.9381 27.4495
13.0556 28.5167
12.9353 27.5082
12.9337 27.5478
12.9648 27.1385
12.983 27.0548
13.0657 27.7411
13.0634 27.6453
12.9776 27.0717
12.963 27.1503
13.0676 28.1067
13.0598 28.4281
12.9462 27.3177
12.9891 27.0417
12.9876 27.0441
12.9435 27.3566
12.9514 27.2543
13.0592 28.4434
12.9592 27.1791
12.9408 27.3983
12.9337 27.5439
12.973 27.0897
13.0652 27.7122
13.0517 27.3775
12.9789 27.0655
12.9383 27.4417
12.9477 27.2971
12.9803 27.0607
13.0426 28.7083
12.9757 27.0777
12.9765 27.0744
12.9692 27.1088
12.982 27.0553
12.9786 27.0661
12.9606 27.1662
12.9658 27.1294
12.9597 27.1732
12.9561 27.205
12.937 27.4662
12.9259 28.0942
12.9261 27.8494
12.9331 27.5556
12.9424 27.3693
12.9916 28.9247
12.9365 27.4768
12.9648 27.1351
12.9482 27.2891
12.9539 27.2246
12.9952 27.0338
13.0682 28.0381
13.0663 28.2117
12.9775 27.0689
12.9473 27.2999
12.9329 28.4074
12.9872 27.042
12.934 27.5315
13.0677 28.113
13.0583 27.4978
12.937 27.464
12.9758 27.0752
12.9342 27.5274
12.9759 27.0748
12.9816 27.0547
12.958 27.1863
12.9468 27.3055
13.0377 28.7608
13.0556 27.441
12.956 27.2033
12.94 27.4069
13.0393 27.2181
12.9826 27.0513
13.0677 28.1178
13.0091 27.0461
13.0595 28.4425
12.9404 27.3993
12.9821 27.0525
12.9758 27.0738
12.9708 27.0975
13.0449 27.2781
12.9557 27.2057
13.0678 28.1182
12.9585 27.1803
12.9724 27.0885
12.9407 27.3937
12.9393 27.4177
13.0591 28.4558
12.981 27.0546
12.9376 27.449
12.9745 27.0785
12.9762 27.0712
12.9439 27.3431
12.9518 27.2434
13.0013 27.0325
13.0595 28.4469
12.9635 27.1406
12.967 27.1175
12.9906 27.0341
12.9735 27.0824
12.9743 27.079
12.9809 27.0542
12.9446 27.3313
12.9681 28.8517
12.9433 27.3509
12.9653 27.1275
