12.9958 27.9817
12.9958 27.9687
12.9955 27.9672
12.9949 27.9783
12.9953 27.9984
12.9988 27.9633
12.9991 27.9994
12.9996 27.9655
12.9942 27.9592
12.9936 27.9799
12.995 27.9428
12.9933 27.9681
12.9976 27.9317
12.9942 28.0198
12.9962 27.9242
13.0007 27.9525
12.9924 27.9753
12.9964 27.9191
12.9944 27.9261
12.9921 27.9634
12.9933 28.0283
12.9921 28.0092
13.0014 27.9415
12.996 28.0537
12.9922 28.0244
12.9925 27.9308
13.0028 27.98
12.9923 27.928
13.0012 28.0391
12.9905 27.975
12.9994 27.9028
12.9925 27.9169
13.0029 27.9381
12.99 27.9829
12.9978 27.8883
12.9909 27.9286
12.991 28.0368
13.0039 28.0073
12.995 27.8846
13.0045 27.9841
12.9918 28.0581
12.9892 27.9566
12.9918 27.8978
12.9893 28.0169
13.0045 27.9418
13.0051 27.9715
13.0034 27.9122
12.9932 27.8797
12.9938 27.8733
13.0013 27.8806
13.0034 27.9016
12.9915 28.0747
12.9927 27.8744
13.0019 27.8803
13.0033 28.0675
13.0043 27.908
12.9944 27.8608
12.995 28.1039
12.9877 28.0169
13.0044 27.9015
13.0039 28.0687
12.9871 27.9759
12.9874 27.9411
13.0068 27.9892
13.0033 28.0844
13.0061 28.0393
13.0061 28.0417
12.9872 28.0328
13.007 27.9439
12.9919 27.8575
13.0036 28.0889
12.9966 27.8385
12.9947 28.1203
12.9861 27.9756
12.9934 27.844
13.0076 28.0095
12.9863 28.0206
12.9867 27.9229
13.008 27.9942
12.9872 27.9058
12.9931 28.1219
13.0056 27.8844
12.9973 27.8288
12.9965 27.8269
12.9907 27.8488
13.0061 28.0782
12.9931 28.1292
13.0075 28.0538
13.0022 28.1228
13.0025 27.8398
12.9916 28.1253
12.9964 27.8191
13.0077 28.0567
13.0092 27.9798
12.9912 27.8336
12.9911 28.1281
12.988 27.8606
13.009 28.0336
12.9914 28.1339
13.0033 28.1275
13.0086 28.0536
12.9873 28.0994
12.986 28.0791
12.9946 27.8067
13.0096 27.9276
13.0085 28.0685
13.0103 27.9687
13.0091 28.0589
12.9833 28
12.9908 27.8181
12.9832 27.9936
13.0093 27.9023
13.0085 27.8796
13.0103 27.9246
12.9827 27.9869
13.0101 28.0489
13.011 28.0116
12.9827 28.0093
12.9843 28.075
13.0103 27.9087
12.9822 27.9672
13.005 27.8165
12.9819 27.9682
13.0063 27.8208
12.9952 28.1823
13.0109 27.8967
13.0109 28.0698
12.9821 27.9075
12.9823 27.896
13.0124 28.0291
12.9866 27.817
12.989 27.7923
13.0132 27.9935
12.9913 27.7759
12.9932 28.1936
13.0123 28.0593
13.0131 27.9331
12.9801 27.964
13.0135 28.0198
12.9937 27.7594
13.0119 28.0865
13.0118 28.0899
13.0033 28.1917
12.9796 27.9814
12.984 27.825
12.9803 28.0568
12.9975 27.7473
13.0146 27.9992
13.0087 27.8041
13.009 27.8056
12.9882 28.1897
13.0132 28.0831
13.0139 27.8948
13.0142 28.0632
13.0153 27.9908
12.9801 28.0869
12.9846 27.7944
12.98 28.0917
12.9819 27.8264
12.9854 27.7786
13.0147 28.0766
12.9781 28.0458
12.9841 27.7833
12.99 27.735
12.9769 27.9678
13.0167 28.0252
12.9936 28.2447
13.0135 27.8239
12.9916 27.7175
12.9839 27.7679
13.0003 28.2514
13.0174 28.0264
12.9853 28.2111
12.9802 27.8102
13.0138 28.1481
13.0053 28.2381
13.0182 27.9819
12.9766 28.0717
12.9757 27.9311
12.9835 27.7576
13.0186 27.9828
12.9782 27.8281
13.0123 27.7715
12.9808 27.7791
12.9794 28.1694
13.0162 28.1373
12.9789 27.7969
12.9789 27.7944
12.9957 28.2836
13.0198 27.9544
12.9867 28.255
12.9834 27.7306
12.9746 27.8808
13.0184 28.1126
13.0206 27.9778
13.0208 28.0164
12.9739 28.0819
13.0209 27.9292
12.9892 27.6694
12.9797 27.7403
12.9723 27.9053
13.0103 28.2667
13.0173 27.7754
13.0065 27.6633
12.9829 27.6897
13.0227 28.0297
13.0219 27.8811
13.0228 28.0397
12.9757 28.1914
13.0227 28.0653
12.9706 27.9117
12.9742 28.1742
12.9702 27.9125
12.9703 28.0628
12.9755 28.2083
12.9941 28.3444
13.0243 27.9131
12.9688 27.9478
13.0126 27.671
12.9692 27.8917
13.025 28.0528
12.9732 28.1975
13.0132 27.6656
12.9682 27.9236
12.985 27.6267
12.978 27.6828
12.9792 28.2933
12.9784 28.2871
13.0192 28.2401
13.025 27.8528
13.0268 27.9625
12.9787 28.2978
12.9761 28.2714
12.988 27.596
13.0144 28.3144
12.9875 27.5928
13.0211 27.7294
13.0056 27.5875
13.0118 28.3406
13.0209 28.2447
12.973 28.2492
13.0245 28.1778
13.0146 27.6372
12.9999 28.3972
12.9831 27.6
13.0192 27.6792
13.0281 28.0772
12.9955 28.4072
13.0267 28.15
13.0184 28.3036
12.9799 28.3503
12.964 27.9825
13.0074 27.5661
12.9779 28.3403
13.0017 28.4172
12.9763 27.6314
13.0304 27.9681
13.0227 27.695
12.9756 28.3275
12.9905 28.4219
12.9706 27.6911
12.9813 28.3856
13.029 28.1528
12.9834 28.4061
12.9794 28.3814
12.9621 27.9372
13.0222 28.3008
13.0284 28.1872
12.9808 28.3972
13.0312 27.8708
12.9713 28.3069
13.0324 27.9939
12.9788 27.5742
13.0299 28.1611
13.0322 27.9083
12.9738 27.6175
12.9764 27.5888
13.0289 28.2061
12.9606 28.0028
13.0328 27.9147
12.9742 27.6046
12.9609 28.0583
12.9741 27.6017
12.9666 27.7094
13.0254 27.6775
12.9853 27.5194
12.9769 27.5729
12.9808 27.5432
12.9933 27.4953
12.9737 27.6
13.0162 28.3985
12.9714 27.6239
12.9702 27.6391
12.9742 27.5907
12.978 27.554
12.9751 27.5778
12.9787 27.5456
13.0327 27.8294
12.98 27.5337
13.0263 27.6676
13.0099 27.5094
12.9834 27.5109
12.973 27.5897
12.9752 27.5661
12.9815 27.5181
12.9802 27.5253
12.9717 28.3632
12.9586 28.0147
12.9743 27.5703
13.0043 27.4814
12.9726 27.5858
12.9584 28.0094
12.9825 27.5067
12.9806 27.5172
12.982 28.4525
13.0195 28.3953
13.0353 27.9306
12.9767 27.5431
12.9853 27.4911
12.9672 27.6496
12.9748 27.5567
12.9644 27.6975
12.967 27.6488
12.9724 27.5783
12.9683 27.6285
13.0266 28.3175
12.9765 27.5392
12.9714 27.5873
12.9744 27.5559
12.9831 27.4945
12.9856 27.4824
12.9681 27.6258
12.9731 27.566
12.9579 28.0622
13.0314 27.7306
12.9744 27.5514
12.9587 28.1167
12.9718 27.5758
12.9773 28.4378
13.0329 28.2039
12.9781 27.5165
12.9595 28.1656
12.9812 27.4954
12.9723 27.5645
12.9959 27.451
12.9738 27.5474
12.9795 27.5025
12.9816 27.4892
13.017 27.5203
12.9722 27.5596
12.9686 27.6007
12.9862 27.4659
12.9605 28.2136
12.9717 27.5619
12.9692 27.5891
12.9718 27.5583
12.98 27.4901
12.9839 27.4676
12.9791 27.4936
12.9794 27.4909
12.9819 27.4758
12.9738 27.5317
13.0376 28.0558
12.9791 27.4895
12.9846 27.4604
12.9802 27.4816
12.9643 27.646
12.9765 27.5044
12.981 27.4746
12.9709 27.553
12.9664 27.6076
12.9791 27.4833
12.9767 27.4982
12.9591 28.2161
12.9746 27.5134
12.9703 27.5542
12.9865 27.4443
12.9798 27.4748
13.0367 28.1553
12.9756 27.5014
12.9851 28.515
12.9794 27.4737
12.9837 27.4505
13.0329 28.2714
12.97 27.5494
12.9738 27.5119
12.9702 27.5451
12.9627 27.6491
12.9684 27.5646
12.972 27.5248
12.9724 27.5209
12.9633 27.6341
12.9751 28.4661
12.9734 27.5091
12.9602 28.2733
13.0087 27.4364
12.954 27.9844
12.9763 27.4826
12.9678 27.5628
12.9726 27.5113
12.9639 27.6159
13.0046 27.4194
12.9839 27.436
13.0169 28.4869
13.0398 28.0444
12.972 27.5118
12.9741 27.4935
12.9722 27.5095
12.961 27.6586
13.0063 28.5415
12.9607 27.6627
12.9607 27.6617
12.9888 27.4131
12.9574 27.7344
12.9625 27.623
12.9761 28.4917
13.0241 28.436
12.9621 27.6276
12.9617 27.6325
12.9755 27.4714
12.9697 27.5228
12.9825 27.4292
12.9865 27.4131
12.9772 27.4575
13.0125 28.5281
12.9857 27.4144
12.9711 27.5048
12.9871 27.4086
12.962 27.6178
12.9682 27.533
12.9801 27.4356
13.0023 27.3964
12.9699 27.5124
12.9774 27.4511
12.9863 27.4078
12.9705 27.5055
12.9712 27.4975
12.9792 28.525
13.0416 27.9561
12.959 27.6639
12.9629 27.5929
12.9774 27.445
12.9636 27.5813
12.9636 27.5792
12.9893 27.3925
12.9699 27.5032
12.9784 27.4357
12.952 28.0519
12.9856 27.4013
12.9678 27.5231
12.9526 27.8569
12.9647 27.558
13.0321 28.36
12.9744 27.4584
12.9878 27.3908
12.9751 27.4523
12.9709 27.4857
12.9672 27.5235
12.9768 27.4381
12.9664 27.5316
12.9875 28.5725
12.9812 27.4119
12.9779 27.4291
13.0426 28.0158
12.9583 27.6541
13.0351 27.6469
12.978 27.4271
12.972 27.4703
12.9604 27.6114
12.9761 27.4366
12.9671 27.5151
12.9865 27.3849
12.9653 27.5354
12.9861 27.3851
12.9588 27.6329
12.982 27.3993
12.9861 27.3833
12.9833 27.393
12.9857 27.3832
12.9606 27.596
12.9644 27.5396
12.9639 27.5461
12.9593 27.6153
12.9973 27.3622
12.9718 27.4592
12.971 27.4656
12.9728 27.4503
12.9681 27.492
12.984 27.3843
12.9624 27.5599
12.9724 27.4499
13.0308 28.4119
12.9708 27.4625
12.9713 28.5047
13.0411 27.7678
12.9764 27.4178
12.9676 27.4899
13.0226 27.4558
12.9661 27.5056
12.9563 27.6591
13.0435 28.0944
12.9578 27.6257
12.9663 27.5006
12.968 27.4813
12.9648 27.5169
12.9597 28.3753
12.9587 27.6056
12.9796 27.3931
12.978 27.4016
12.9717 27.4454
13.0339 28.3797
12.9615 28.4058
12.9561 27.6525
12.9694 27.4633
12.9732 27.431
12.9782 27.3976
12.9565 27.6411
12.9824 27.3759
12.9557 27.6569
12.9667 27.4875
12.9807 27.3822
12.9627 27.5333
12.9638 27.5194
12.9632 27.5259
12.9831 27.3695
13.0446 28.0692
12.9565 27.6321
12.958 27.6014
12.9656 27.493
12.97 27.4483
13.0231 27.4422
12.975 27.4081
12.9785 27.3862
12.9758 27.4018
12.9655 27.4901
12.9717 27.43
12.9482 28.0056
12.9698 27.4444
13.0089 28.6064
12.9549 27.653
12.9807 27.3711
12.9791 27.3784
13.0063 27.3458
12.9723 27.4217
12.9857 27.3497
12.9703 27.4359
13.0029 28.625
13.0054 28.6211
12.9834 27.3548
12.9639 27.4987
12.9567 27.606
12.9608 27.538
13.0037 28.6267
13.0373 28.3555
12.9587 27.5681
12.9475 27.9619
12.967 27.4601
12.9608 27.5338
13.0449 28.1364
12.9609 27.5318
13.045 28.1333
12.9543 27.6469
12.9911 28.6325
12.9618 27.5165
12.9812 27.3565
12.9605 27.5328
12.9867 27.3356
12.9792 27.3644
13.0426 27.7211
12.9823 27.3498
12.9611 27.5226
13.0249 27.4356
12.9473 28.0509
13.0435 28.2186
12.967 27.4515
12.9555 27.6106
12.9599 27.5361
12.9789 27.3621
12.9547 27.624
12.9687 27.4317
12.9905 27.3218
13.0438 28.2196
13.0455 28.1503
12.9631 27.4887
13.0342 27.5353
12.9882 27.3241
12.9652 27.4635
12.9736 28.5728
12.96 27.5257
12.976 27.3732
12.9815 28.6172
12.9522 27.6714
12.9527 27.6586
12.9653 28.5034
13.0034 28.6444
12.9544 27.6181
12.9915 27.3141
12.9882 27.3201
12.9905 27.3154
12.9527 27.6537
12.9584 27.5449
12.9733 27.3864
13.0464 28.1303
13.0445 27.751
13.0338 27.5206
12.9868 27.3209
12.9461 28.0181
12.9894 27.3141
12.9796 27.3465
12.9601 27.5149
12.9544 27.6075
12.9842 27.3261
12.9466 28.0992
12.9521 27.6547
13.0303 28.4939
12.984 27.3254
13.045 27.7525
13.0449 27.747
12.9682 27.4195
12.962 27.485
12.9671 27.4284
13.0111 27.3281
12.9713 27.3917
12.9761 27.3593
12.9479 28.1877
12.9877 27.3106
12.9668 27.4287
12.9479 27.7711
12.9716 27.3867
12.9784 27.3439
12.9695 27.4025
13.021 27.3775
12.9517 27.6519
12.9825 27.3235
12.9616 27.4805
12.962 27.4762
12.9755 27.3572
12.9611 27.4866
12.9781 27.3416
13.037 28.4158
12.9475 27.7731
12.9755 27.3545
12.9612 27.4816
12.9694 27.3973
12.9587 27.5151
12.967 27.418
12.9508 27.6636
12.9829 27.3169
12.9862 27.3058
12.9453 28.0808
12.946 28.1314
12.9757 27.3498
12.9852 27.3075
12.9749 27.3539
12.9753 27.351
12.9884 27.2978
12.9555 27.5588
12.9526 27.6136
12.9584 27.5127
12.9918 27.2902
13.0488 28.0814
12.9868 27.2988
12.9766 27.3397
12.9695 27.3877
12.9569 27.5306
12.95 27.6666
12.9529 28.3642
13.016 27.3317
13.0468 28.2032
13.0467 28.2067
12.9758 28.6208
12.9784 27.3264
12.9462 28.1779
13.015 28.6377
12.9871 27.2929
12.9516 27.6214
12.9657 27.416
12.9888 28.6731
12.9598 27.4813
12.9587 27.4953
12.972 27.3607
12.984 27.2995
12.9526 27.5949
12.9584 27.4977
12.9862 27.2916
12.9781 27.3222
12.9554 27.5415
12.9628 28.5228
12.9782 27.3209
12.9895 27.2824
12.946 27.7772
12.9923 27.2779
12.98 27.3117
12.9707 27.3664
13.0468 28.2308
12.9568 27.5164
12.969 27.3783
12.9856 27.2896
12.9487 27.6763
12.9665 27.3993
12.9645 27.4174
12.9639 27.4226
12.9507 28.3417
12.9898 27.277
13.0487 28.163
12.9907 27.2742
12.9519 27.5929
12.9634 27.4243
12.9527 27.5753
12.9719 27.3496
12.9567 27.5071
12.953 27.5684
12.9947 27.2675
13.0416 27.5842
12.992 27.2688
12.9801 27.301
12.9698 27.3621
12.9519 27.5852
12.9714 27.349
12.9924 27.2662
12.9607 27.4472
12.9714 27.3476
12.9628 27.4223
12.9613 27.4387
12.9824 27.2875
13.0511 27.9497
13.01 27.2819
12.9988 28.7006
12.9766 28.6497
12.9594 27.4583
12.9563 27.5001
12.9508 27.5974
12.9541 27.5338
12.9757 27.3146
12.9919 27.2604
12.9699 27.3519
13.0077 27.2716
12.9643 27.4005
12.9771 27.3058
12.9492 27.626
12.9777 27.3018
12.9549 27.5163
12.9846 28.6881
12.9848 27.2725
12.9637 27.4027
12.9544 27.5215
12.9794 27.2913
12.9976 28.7078
12.9846 28.6906
13.0503 28.1531
12.9728 27.3255
12.9663 27.3746
12.9423 27.8842
12.9843 27.2699
12.9861 27.264
12.9764 27.3018
12.9609 27.4257
12.9514 27.5659
12.9477 27.6474
12.9819 27.2756
12.944 27.7686
12.9519 27.5544
13.0388 27.5036
12.9419 27.8908
12.9898 27.2527
12.9616 27.4145
12.9884 27.2543
12.9453 27.7094
13.045 28.3481
12.9484 27.6231
12.9422 27.8544
13.0465 27.6522
12.9425 27.8275
13.0264 28.6053
12.947 27.6547
12.9711 27.3272
13.0466 27.6503
12.9493 27.5988
12.9839 27.2622
13.005 28.7117
12.9523 27.5364
12.9888 27.2488
12.9852 27.2569
12.9414 27.8936
12.97 28.6308
12.9627 27.3949
12.9494 27.5904
12.9742 27.3031
13.0023 28.7189
12.9545 27.4959
12.9794 27.2746
13.0157 27.2806
12.9888 27.2449
12.9545 27.4938
12.9436 28.2214
12.949 27.5907
13.0454 27.6053
13.0273 27.3536
12.9911 27.2383
12.9583 27.4368
12.97 28.6378
12.971 27.3168
12.9552 27.4768
12.949 27.5842
12.9722 27.3069
13.0381 28.495
12.9735 27.2979
13.05 27.7263
12.9874 27.2409
13.0152 28.691
12.9884 27.2381
12.9463 27.6416
12.9608 27.4011
12.9945 27.2294
12.9549 28.4892
12.9863 27.2417
12.9687 27.3282
13.0531 28.0928
12.95 27.557
13.0362 28.5264
12.9902 27.2321
12.9786 27.2671
12.948 28.3711
12.9772 27.2724
12.9486 27.5813
12.9703 28.6497
12.9527 27.5024
12.9433 27.7188
12.9889 27.2309
12.9839 27.2429
12.981 27.2527
12.9642 28.6036
12.9548 27.4678
12.949 27.5652
12.9422 28.2103
12.94 27.8853
12.9477 27.5908
12.9565 27.4428
12.9403 27.8522
12.957 27.435
12.9491 27.56
12.9621 27.375
12.9394 28.0047
12.9498 27.5445
13.042 27.5089
12.9601 27.3945
12.9454 27.641
12.9412 27.7883
13.0544 27.9411
12.9466 27.6094
12.99 27.2224
12.976 27.2688
12.9484 28.3978
12.9595 27.398
12.9908 27.2197
13.0007 28.7442
12.9519 27.5011
12.9839 27.2344
13.0546 28.0214
12.9694 27.307
12.9548 27.4555
13.0543 27.8816
12.9831 27.2351
12.9461 27.6123
12.9499 27.5318
13.0241 27.3022
12.939 28.0508
13.0356 27.4078
13.0496 27.6583
12.9523 27.4873
12.9493 28.4275
13.0551 27.9747
12.9886 27.2169
13.0542 28.124
12.9445 27.6426
12.983 27.2299
12.999 27.2078
12.9712 28.6758
12.9543 27.4514
12.9719 27.2806
13.0252 27.3037
13.0501 27.6611
12.9567 27.4179
12.9528 27.4722
12.9546 27.4454
13.0008 28.7548
12.94 28.1714
12.9407 28.2053
12.9688 27.2983
13.054 27.805
12.9745 27.2619
12.9466 27.5793
12.9412 27.7333
12.9831 27.2237
12.9469 27.5714
12.9437 27.6487
12.9475 27.558
12.9618 28.6072
13.051 28.2892
12.9565 27.4121
12.9721 27.2721
12.9439 27.6381
12.9587 27.3847
12.9606 27.3643
12.9787 27.2365
12.9454 27.5988
12.9771 27.2433
12.9522 27.4686
12.9384 27.8619
12.9885 27.2051
12.9383 27.8678
13.0168 27.2425
12.9584 27.3853
12.9475 27.548
12.9759 27.2467
12.95 27.502
12.9595 28.5917
12.9469 27.5593
12.9466 27.5659
12.9522 27.4652
13.0484 27.5935
12.9877 27.2037
12.989 27.201
12.9908 27.198
13.0544 27.79
12.9748 27.2499
12.9926 27.1949
12.9526 27.4555
12.9473 27.545
12.9808 27.2208
12.9886 27.1986
13.0375 27.4039
12.96 27.3604
12.9448 27.5957
13.0273 28.6617
12.9452 27.5857
13.0381 28.5547
12.9725 27.2576
12.9805 27.2186
12.944 27.6107
12.9888 27.1951
12.9523 27.4523
13.0215 27.2576
12.9852 27.2021
12.9437 27.6166
12.9534 27.4357
12.9376 27.8575
12.9787 27.2235
12.9777 27.2273
12.9703 27.2679
12.9494 27.4944
12.9466 27.5465
12.9811 27.212
12.9598 27.354
12.9441 27.6
12.9659 27.2974
12.9477 27.522
13.0528 28.2778
12.9446 27.5875
12.9367 28.0184
12.9539 27.4218
12.9592 28.6053
12.9405 27.6989
12.9819 27.2063
12.9443 27.5903
12.992 27.1831
12.9911 27.184
12.9613 27.3343
12.9574 27.3741
13.0573 27.9456
12.9576 27.3712
12.9364 27.9339
12.9863 27.1905
12.9879 27.1871
13.0239 27.2625
12.9409 27.6758
12.9736 27.2394
12.9481 27.505
12.9813 27.2039
12.9362 27.9547
12.9612 27.331
12.9432 27.6078
12.9672 27.2794
12.9438 28.3736
12.9724 28.7181
12.9628 27.3141
12.9932 27.1764
12.9876 27.1841
12.9743 27.232
12.9965 27.1741
12.9368 27.8453
12.9464 27.5299
12.955 27.3938
13.03 28.6602
13.015 27.2089
12.9475 27.5058
12.9721 27.2415
13.0356 27.3556
12.9646 27.2936
12.9773 27.213
12.9485 27.4855
12.9907 27.1733
12.9363 27.8624
12.9759 28.7444
12.9494 27.4677
12.9423 27.6113
12.9775 27.2094
12.9507 27.4457
12.9771 27.2103
12.9675 27.266
12.9434 27.5812
13.0532 28.3117
12.9447 27.5502
12.9533 27.4062
12.9434 27.5777
13.0354 27.3447
12.9567 27.3626
12.9916 27.1668
12.9618 27.3092
12.9857 27.1772
12.9501 27.4498
12.9933 27.1643
12.9812 27.1899
12.9785 27.1998
12.9776 27.2035
13.0043 27.1678
12.9746 27.217
12.9732 27.2243
12.9742 27.2186
12.9733 27.2227
12.9725 27.2269
12.9645 27.2815
12.9827 27.1817
12.9415 27.6151
12.9364 28.1631
12.9903 28.7973
12.9835 27.1786
12.9409 27.6293
12.9349 28.0183
12.942 27.5974
12.9666 27.2633
12.9526 27.4044
12.9473 27.4856
12.9502 27.4388
12.9628 27.2924
12.992 27.159
12.9805 27.1852
12.9467 27.4936
12.9807 27.1833
12.9345 27.9961
13.0587 28.0922
12.9716 27.2253
12.9943 27.1545
12.9828 27.1749
12.9473 27.4795
12.9652 27.268
12.943 27.5614
12.9474 27.4755
12.9419 27.5872
12.9777 27.1915
12.9895 28.8044
12.9894 27.1568
12.9807 27.1788
13.0438 27.432
12.9913 27.1532
12.9823 27.1724
12.9705 27.2268
13.0223 27.2211
12.9486 27.4499
12.9733 27.2092
12.9349 27.8425
13.0489 28.4511
12.9985 27.1478
12.9793 27.1808
12.9471 27.4725
12.9341 28.048
12.9409 27.6002
12.936 27.7669
12.9875 27.1552
12.9863 27.1573
13.0164 27.1864
12.9816 27.1696
12.9672 28.7194
12.9514 27.4016
13.0391 27.36
12.9605 27.2972
12.9686 27.2321
12.9337 27.9592
12.955 27.3537
12.9343 28.1111
12.9371 27.7061
12.9789 27.1765
12.942 27.5628
12.9812 27.1677
12.947 27.4652
13.0602 27.9431
12.9727 27.2044
12.9439 27.5215
12.9942 27.1411
12.9496 27.4211
12.9422 27.5555
12.9367 27.7135
12.9509 27.402
13.0078 27.1517
12.9778 27.1776
12.9496 27.4178
12.9418 27.5597
12.9333 28.0308
13.0603 27.9047
12.9429 27.5355
12.9605 27.2887
12.9748 27.1889
12.9406 27.585
13.0233 27.2122
12.9918 28.8231
12.9925 27.1372
13.0194 27.1897
12.949 27.4232
12.9355 27.7475
12.9445 27.4976
12.9527 27.3692
12.9723 27.1988
12.9914 27.1362
12.9712 27.2045
12.961 27.2788
12.9669 27.231
13.0269 27.2311
13.0567 28.2876
12.9619 28.6936
12.939 27.6163
12.9448 27.4859
12.9816 27.1548
12.9939 28.83
12.968 27.2216
12.9763 27.1748
12.9571 28.6508
12.9435 27.5072
12.9701 27.2062
12.9677 27.2217
12.9497 28.5619
12.9414 28.4156
12.9479 27.4286
12.9391 27.6049
12.9923 27.1293
12.9523 27.3659
12.9564 27.3174
12.9533 27.3518
12.9324 28.0017
12.9805 27.1537
12.9574 27.3051
12.969 27.2092
12.9667 27.2243
12.9401 27.5745
12.9488 27.409
13.0561 28.3272
12.9691 27.2066
12.9424 27.5192
12.987 27.1327
12.9325 27.8889
12.9646 27.2365
12.9916 27.1247
12.9691 27.2052
12.9521 27.3598
12.9632 27.2471
12.9903 27.1251
12.9757 28.7944
12.9779 27.1578
12.9626 27.2497
13.0571 28.3081
12.9902 27.1237
12.9739 27.1747
12.9461 27.4443
12.9889 27.1252
12.9389 27.5916
12.9877 27.1269
12.9444 27.4718
12.9834 27.1364
12.945 27.4606
13.0619 27.9375
12.9398 27.5661
12.9393 27.5774
12.9449 27.461
13.0396 27.3292
12.9869 27.1259
12.9446 27.4644
12.938 27.6069
12.9546 27.3218
12.9408 27.5369
12.932 28.0998
13.0065 28.8378
12.9447 27.4586
12.9811 27.1392
12.9755 28.8008
13.062 27.8983
12.9439 27.4715
12.993 27.1141
12.9676 27.2042
13.0431 27.3661
12.9346 27.7117
12.9422 27.5028
12.9519 27.3488
12.9434 27.4782
12.9482 27.3986
13.0455 28.5667
12.9537 27.3254
12.9444 27.4578
12.9895 27.1153
12.976 27.1548
12.9403 27.5391
12.9625 27.2387
12.9399 27.548
12.9776 27.1472
13.0331 28.7095
12.9826 27.1291
12.9396 27.5524
12.9482 27.394
13.0094 27.1233
12.9865 27.118
12.931 28.0384
13.061 28.1886
12.9766 27.1491
12.9685 27.1917
12.9768 27.1476
12.9711 27.1751
12.9847 27.1202
12.959 27.264
12.9531 27.3251
12.9927 27.1063
12.9882 27.1119
12.9716 27.1704
12.9869 27.1137
12.9328 27.7602
12.9327 28.2022
12.9406 27.5195
12.9508 27.3503
12.9711 27.1721
12.9401 27.529
12.9482 27.386
12.9814 27.126
13.0115 28.8383
12.9904 27.1051
13.0309 28.7368
12.9391 27.5478
12.9821 27.1225
12.9585 27.2624
12.9434 27.4593
12.9605 27.2442
12.9307 28.0808
12.9584 27.2626
12.9394 27.5389
13.0043 27.1042
12.9628 27.2232
12.9777 27.1357
12.9556 27.2888
12.959 27.2546
13.0487 27.4267
12.9557 27.2864
12.9804 27.1243
12.9407 27.5051
12.9558 27.2839
12.9867 27.1062
12.9848 27.1102
12.9828 27.1152
12.9443 27.4351
12.9763 27.1379
13.0416 28.6411
12.9493 27.3587
12.9698 27.1702
13.0564 27.5775
12.9492 27.3588
12.957 27.2681
12.951 27.3348
12.9747 27.1429
12.9853 27.1057
12.9845 27.1074
12.9886 27.0987
12.9743 27.1431
12.9901 27.0955
12.9657 27.1933
12.9858 27.1025
13.0503 28.5231
12.9829 27.1089
13.0569 28.3858
12.9521 27.3154
12.9683 27.1733
12.9762 27.1313
12.945 27.4132
12.9393 27.5184
12.951 27.3273
12.933 27.6967
12.9546 27.2853
12.931 28.1819
12.9646 27.1957
12.9393 27.5144
12.9727 27.1453
12.9463 28.5771
12.9377 27.5496
13.051 27.4461
12.9911 27.0881
12.9444 27.4166
12.9544 27.284
12.9864 27.0948
12.953 27.2986
12.975 27.1318
12.9871 27.0927
12.9385 28.4383
12.9686 28.7969
12.9809 27.1081
12.9907 27.0862
12.9444 27.4131
12.9624 27.2076
13.0602 28.3075
12.9456 27.3922
12.9717 28.8169
13.0648 28.0089
12.9714 27.1467
12.937 27.556
13.0622 27.7342
12.9819 27.1016
12.9459 27.3858
12.9399 27.489
12.9566 27.2549
12.9912 27.0817
12.9706 27.1481
12.9923 27.0798
13.0307 27.1975
12.9827 27.0972
12.9584 27.2351
12.9618 27.2061
12.9661 28.7883
12.9887 27.0821
12.9903 27.0798
12.9684 28.8044
12.9654 28.7853
12.9518 27.3011
12.9566 27.2501
12.9489 27.336
12.9395 27.4898
12.9889 27.0803
12.9905 27.0777
13.0647 28.1106
12.988 27.0807
12.9539 27.2745
12.9435 27.4131
12.9733 27.1281
12.9461 27.3713
12.9379 27.5193
12.9625 27.1944
12.9745 27.1207
12.9664 27.1652
13.064 28.1786
12.9625 27.1922
12.9304 27.7519
12.9298 27.7811
12.9839 27.0855
12.9782 27.1033
12.9805 27.0951
12.9787 27.101
12.977 27.1075
12.9598 27.2122
12.9387 27.4931
12.9742 27.1188
12.9861 27.0787
12.9378 27.5113
12.9792 27.0979
12.977 27.1056
12.9834 27.084
12.9863 27.0768
12.9875 27.0741
12.9603 27.2049
12.9827 27.0847
12.9278 28.0167
12.9692 27.1419
12.9784 27.0977
12.938 27.5021
13.0396 27.2608
13.0313 27.1858
12.9383 27.4925
13.0318 27.1889
12.9381 27.4965
12.9397 27.4638
12.9595 27.2079
12.9405 27.4472
12.9651 27.1645
12.9278 27.8922
12.9445 27.379
13.0657 28.0997
13.0663 28.0014
12.9922 27.0628
12.9354 27.5542
12.9678 27.1456
12.9473 27.3375
13.0534 27.4471
12.9629 27.1778
13.0535 27.4486
12.9405 27.4439
12.9889 27.065
12.9394 27.4634
13.0583 27.5512
12.9291 27.7697
12.9411 27.4307
12.9769 27.0967
12.9354 27.5497
12.9852 27.0702
12.9853 27.0698
13.0359 27.2161
12.9781 27.0909
12.9454 27.3588
12.9368 27.5133
12.9806 27.0814
12.9342 27.5754
13.0538 27.4468
12.9717 27.1171
12.9287 27.7767
12.9398 27.4472
13.0209 28.8511
12.973 27.1095
12.9502 27.2904
12.9383 27.4753
13.0315 27.175
12.9496 27.2969
12.9499 27.2934
12.9351 27.5446
12.9744 27.1011
12.9447 28.6044
12.9774 27.0879
12.9755 27.0952
12.9841 27.066
12.9745 27.0987
13.0384 28.7322
12.9612 27.1789
12.9883 27.0562
12.9566 27.2177
13.0126 27.0728
12.9706 27.1166
12.9887 27.0546
12.9855 27.0605
13.0121 27.07
12.9401 27.4298
12.9323 27.6098
13.067 28.0714
12.9511 27.2719
12.9598 27.1875
13.0434 28.6836
12.9615 27.1729
12.9921 27.0481
12.9713 27.1097
12.9706 27.1131
12.9433 27.3716
12.9886 27.0508
12.9892 27.0496
12.9762 27.0849
12.9603 27.1792
12.989 27.0491
12.9541 28.7297
12.9356 28.4542
12.9928 27.0436
12.9641 27.1488
12.9666 27.1318
12.9707 27.1073
13.0319 27.1641
12.9613 27.1674
12.9887 27.046
12.9818 27.0607
12.9709 27.1047
12.9447 27.3431
12.9334 27.5586
12.9751 27.0841
12.951 27.2621
12.9729 27.0932
12.9343 28.4347
12.9306 28.3303
12.9752 27.082
12.9566 27.2031
12.9337 27.5478
13.0634 27.6453
13.0598 28.4281
12.9435 27.3566
12.9408 27.3983
13.0517 27.3775
12.9803 27.0607
12.9692 27.1088
12.9658 27.1294
12.9259 28.0942
12.9916 28.9247
12.9539 27.2246
12.9775 27.0689
12.934 27.5315
12.9758 27.0752
12.958 27.1863
12.956 27.2033
13.0677 28.1178
12.9821 27.0525
12.9557 27.2057
12.9407 27.3937
12.9376 27.449
12.9518 27.2434
12.967 27.1175
12.9809 27.0542
12.9653 27.1275
12.9664 27.1205
12.9694 27.1023
13.0533 27.3956
12.9734 27.0819
12.9767 27.0674
12.9614 27.1532
13.0406 27.2264
12.9727 27.0841
12.9914 27.0306
12.9393 28.5544
12.9552 27.2052
12.9767 28.8958
12.9349 27.4988
13.0048 27.0328
12.9712 27.0896
12.9484 27.2765
13.0636 28.345
12.9463 27.303
12.9861 27.0368
12.9465 27.2989
12.9277 27.7142
13.0628 28.3708
12.937 27.4493
12.9773 28.9014
12.9618 27.1449
13.0678 28.1639
12.9374 27.44
13.0645 28.3203
13.0586 28.4808
12.9272 27.7258
13.037 27.185
13.0683 28.1344
12.9326 27.5428
12.9245 27.9497
12.9354 28.4903
12.9329 27.5327
12.9604 27.1518
13.0167 27.0578
12.9533 27.2145
12.9678 27.1016
12.9572 27.1782
12.951 27.2383
12.9793 27.0484
12.9654 27.1151
12.9389 27.4048
12.9433 27.3339
12.9712 27.0811
12.9712 27.0811
12.9518 27.2277
12.9804 27.043
12.9647 27.1178
13.0229 27.0819
13.0131 27.0418
12.9308 28.3886
12.9668 27.1036
12.9707 27.0811
13.02 27.0661
12.9383 27.4097
12.9825 27.034
13.0582 28.5061
12.9862 27.0247
12.9487 27.2556
12.9387 27.3988
12.9517 27.222
12.9364 27.4406
12.9895 27.0175
12.9851 27.0252
12.9388 27.394
12.9727 27.0668
12.9719 27.0705
12.9741 27.06
13.0603 27.5008
13.0619 27.5394
12.9288 28.3411
12.982 27.0304
12.9589 27.1515
12.9677 27.0902
12.9451 27.2942
12.9699 27.0776
12.9591 27.1488
12.95 27.2349
13.0636 27.5808
12.9775 27.0426
12.9477 27.2599
12.9547 27.1851
13.0683 27.7572
12.9835 27.0233
12.9958 28.9542
13.0682 28.2189
12.9425 27.3272
12.9694 27.0769
12.9344 27.4674
12.9885 27.0117
13.0435 27.2269
12.9326 28.4608
12.9686 28.8829
12.9752 27.0473
12.9812 27.0259
12.9574 27.1557
12.9586 28.8178
12.9366 27.4181
12.9431 27.3115
12.9324 27.5051
12.9751 27.045
12.9589 27.1414
12.9804 27.0256
12.9233 28.0886
12.9819 27.0209
12.9499 27.2243
12.9883 27.0064
12.9338 27.4702
12.9511 27.2108
12.9612 27.1213
12.9228 28.0378
12.994 28.9622
13.0169 28.9272
12.9749 27.0417
13.02 27.0467
12.9357 27.4264
13.0417 28.7669
12.9414 27.3284
13.0696 27.7847
12.9571 27.1495
12.9607 28.8425
12.9763 27.0338
13.0494 27.2846
12.9286 28.3761
12.98 27.0209
12.9709 27.0569
12.9852 27.0065
12.9426 28.6594
12.9279 28.3575
12.9387 27.3664
12.9687 27.0674
12.9404 27.3384
13.0698 27.7825
12.9331 27.4711
13.0704 28.1531
12.9791 27.0209
12.9345 27.4396
12.9947 26.9919
12.9605 27.1174
12.9568 27.1471
12.9331 27.4689
12.9523 27.1876
12.936 27.4089
12.949 27.2212
12.9222 28.0506
12.9778 27.0225
12.9581 27.1336
12.9394 27.3485
13.0169 27.0253
12.962 27.1032
12.9801 27.0137
12.9413 27.318
12.9836 27.0037
13.0019 28.9711
13.0537 28.6308
12.9869 26.9963
12.9446 27.2698
12.922 27.9251
12.9826 27.0049
12.9865 26.996
12.9678 27.0644
13.0266 27.0683
12.9677 27.0647
13.0483 27.2575
12.9708 27.0477
13.0222 27.0439
12.9345 27.4279
12.9854 26.9968
12.9527 27.1759
12.9824 27.0033
12.9347 27.4219
12.9802 27.0086
12.9401 27.3277
12.9622 27.0962
12.9358 27.3989
12.9359 27.3972
12.9329 27.4557
12.9696 27.0497
12.9334 27.4448
12.9473 27.2288
12.9793 27.0087
12.9834 26.9969
12.9397 27.3293
12.9605 27.105
12.9444 27.2633
12.9274 28.3767
12.9663 27.0657
12.9793 27.0069
12.9324 27.4607
12.9292 28.4319
12.9685 27.0527
13.0496 27.2642
13.003 26.9819
12.971 27.0393
12.9545 27.1512
12.9212 28.0006
13.0454 28.7514
12.9311 27.4876
12.9418 27.295
12.9401 28.6476
12.9568 27.1302
12.9694 27.046
12.9494 27.1996
12.9823 26.9954
12.9696 27.0442
12.9295 27.5241
12.9324 27.4548
12.9404 27.3116
12.9757 28.9467
12.941 27.3027
13.0278 27.0625
12.9438 28.7031
13.0702 27.7208
12.9563 27.1305
12.9583 27.1143
12.9783 27.0044
12.9789 27.0024
12.978 27.0049
12.9352 27.3937
12.9699 27.0386
13.005 26.9783
12.971 27.0327
13.0319 27.0864
12.9369 27.3611
12.954 27.148
12.9514 27.1725
12.974 27.0178
12.9363 28.5964
12.9376 27.3474
13.02 28.9436
12.9207 27.9353
12.9292 27.5175
12.9291 27.5198
13.065 28.4409
12.9351 27.3895
12.9512 27.1721
12.9323 27.4446
12.9288 28.4428
12.9585 27.1066
12.937 27.354
13.0668 28.3931
12.9695 27.0357
12.9357 27.3759
12.9381 27.3348
13.0681 28.3528
12.9342 27.4027
12.9652 27.0582
12.9806 26.9897
12.9851 26.9785
12.9866 26.9753
12.9867 26.9748
12.9886 26.9715
12.9812 26.9871
13.0733 27.9172
12.9691 27.0347
12.9519 27.1596
12.9775 26.9979
12.9588 27.0994
12.9969 26.9642
12.9753 28.9567
13.0369 27.1139
12.9349 28.5853
12.9719 27.0188
13.0644 27.4994
12.934 27.3989
12.9351 27.3769
13.0736 27.925
12.9685 27.0339
12.9507 27.1673
13.0738 27.96
12.9681 27.0355
13.0099 26.9755
12.9861 26.9703
12.9866 26.969
12.9864 26.9689
13.0724 27.7808
12.9644 27.055
12.9301 27.4721
13.0057 26.9653
12.982 26.9775
12.9442 27.2347
12.9693 27.0259
12.9664 27.0413
12.9588 27.0913
12.9796 26.9834
12.9627 27.0634
13.0096 26.9706
12.9198 27.9
12.9665 28.9236
12.9337 27.3931
12.9694 27.0232
12.9448 27.224
12.9531 27.1367
12.9295 27.4784
12.9843 26.9689
12.9623 27.0638
12.9301 27.4641
12.9506 27.1591
12.9572 27.1005
12.9324 27.4145
12.9294 27.4779
12.9534 27.1311
12.9703 27.016
12.9339 27.3831
12.9281 27.5075
12.9796 26.9784
12.9706 27.0135
12.939 27.2974
12.9722 27.0052
12.9551 27.1141
12.975 26.9927
12.9482 27.1793
12.9477 27.1836
13.0677 28.4111
12.961 27.0663
12.9835 26.9642
12.9655 27.0361
12.9521 27.1366
13.0134 26.9714
13.0569 28.6433
12.9369 27.3226
12.9189 27.9292
12.9455 27.2039
13.0179 28.9769
12.9889 26.9515
12.9359 27.3369
13.0625 28.5458
12.9314 27.4197
12.9796 26.9712
12.9214 27.7133
12.9604 27.0656
13.0053 29.0106
12.9866 26.9532
12.9284 27.4822
12.9767 26.9789
12.9528 27.1252
12.9781 26.974
13.0711 27.6528
12.9334 27.3747
12.9298 27.446
12.9312 27.4161
12.9604 27.0617
12.9716 26.9974
12.9567 27.0889
12.9432 27.2246
12.9854 26.9521
12.9457 27.1936
12.9184 28.0094
12.9568 27.0868
12.9606 27.0584
12.9536 27.1132
12.9196 28.1761
13.0398 27.1097
12.9344 27.3509
12.9834 26.9536
13.0676 28.4433
12.9438 27.2122
12.9574 27.0782
12.968 28.9528
12.9715 26.9924
12.9586 27.0682
12.974 26.9811
12.9362 27.3158
12.9212 28.2803
12.9337 27.3563
12.9791 26.9621
13.0574 27.3119
12.9451 27.1924
12.9403 27.2529
12.9308 27.4097
12.9755 26.9733
12.969 27.0017
12.9738 26.9795
12.9281 28.5006
12.93 27.425
12.9423 27.2245
12.9515 27.1234
12.982 26.951
12.9272 27.4862
12.9807 26.9542
12.9508 27.1287
13.0725 27.6721
12.9824 26.9492
12.9875 26.9382
12.9196 27.7508
12.9515 27.1211
13.0108 26.9467
12.9887 26.9356
12.9687 26.9987
13.0605 27.3556
13.0432 27.1283
12.9668 27.0073
12.9334 27.3517
12.9605 27.0458
12.9632 27.0278
12.9727 26.9777
12.9468 27.1637
12.9692 26.9931
12.9525 27.1072
12.9175 28.0644
13.0115 26.9444
13.0028 29.0322
12.955 27.0841
12.9402 27.2407
12.9479 27.1499
12.9369 27.2883
13.0096 26.9378
12.9574 27.0636
12.9642 28.9454
12.9323 27.3637
12.9411 27.2267
12.9448 27.1814
12.9759 26.9605
12.9543 27.0868
12.9622 27.0281
12.984 26.9361
13.0734 27.6819
12.9311 27.3833
12.9203 27.6814
12.9472 27.1526
12.9411 27.2238
12.9465 27.1589
12.9859 26.9309
12.933 27.3456
12.9682 28.9711
12.9322 27.3589
12.9481 27.1418
12.9276 27.4526
13.0393 28.8817
12.9582 27.0526
12.9813 26.9397
12.9329 27.3446
13.0176 26.9553
13.0735 27.6739
12.9393 27.2443
12.9204 27.6653
12.9588 27.0467
12.9243 28.4383
12.9777 26.9487
12.9665 26.9967
12.9693 26.9825
12.9186 28.2206
12.9291 27.4132
12.9225 28.3875
12.9606 27.0321
13.0198 26.9615
13.0481 28.8028
12.9687 26.9843
12.9654 27.0022
12.9447 27.1728
13.0551 27.2486
12.9841 26.9288
13.0758 28.1931
12.9399 27.2301
13.0517 27.2025
13.0162 26.9453
12.9307 27.3759
12.9667 26.9919
12.9376 27.2598
12.9669 26.9901
12.92 28.3083
12.9325 27.341
12.9342 27.3122
13.0518 27.2011
12.9354 27.2911
12.9397 27.2292
12.9793 26.9372
12.9376 27.2578
12.9162 28.012
12.9771 29.0178
12.9161 28.0219
12.946 27.1518
12.95 27.1109
12.932 27.3441
13.009 26.9219
12.9747 26.9506
12.9763 26.9445
12.9378 27.2509
12.9686 26.9764
12.9719 26.9607
12.9425 27.188
12.9358 27.2779
12.9208 28.3567
12.9159 28.0264
12.9747 26.948
12.9255 28.4939
12.941 27.2039
12.9157 27.9758
12.9487 27.1176
12.9769 26.9387
12.9257 27.4664
12.926 27.4603
12.9283 27.408
12.9635 27.0002
12.9328 27.3215
12.9859 26.9142
12.9161 28.1111
12.9846 26.9162
12.9593 27.0267
12.9651 26.9895
12.9259 27.4578
12.959 27.0279
12.916 27.8669
12.9573 27.0399
12.9589 27.0282
12.9618 27.0085
13.0744 27.6578
12.9708 26.9588
12.9651 26.9871
12.9399 27.2105
12.9642 26.9918
12.9495 27.1031
12.9372 27.2467
12.9462 27.1358
12.9567 27.0409
12.9159 27.8464
12.9756 26.9372
12.9417 27.1865
12.9824 26.9163
12.9267 27.4308
12.9511 27.086
12.9873 26.906
13.0084 26.9092
13.0089 26.91
12.9863 26.9072
12.9783 26.9262
12.9502 27.093
12.9492 27.1022
12.9529 27.0679
12.98 26.9199
12.9187 28.3083
12.961 27.0069
13.0028 29.0625
12.954 27.058
13.0176 26.9315
12.9385 27.2223
12.9818 26.9136
12.9732 26.9413
13.0783 27.8581
13.0585 27.2669
13.0524 28.7822
13.0787 28.0622
13.0651 28.5886
12.9312 27.3316
13.006 26.8994
12.9426 27.1658
12.9352 27.2642
12.9478 27.1086
12.9673 26.9647
12.9815 26.9102
12.9459 27.1271
12.9318 27.316
12.953 27.0591
12.9265 27.4179
12.9415 27.1755
12.9613 26.9974
12.9681 26.9587
12.9185 28.3247
12.9421 27.1658
12.9582 27.0162
13.0769 28.2505
12.9839 26.9009
12.9732 26.9331
12.9378 27.219
12.9734 26.9319
12.9934 29.0742
12.9255 27.4326
12.9265 27.4089
13.0712 27.5064
12.9665 26.9622
12.9257 27.4259
12.9258 27.423
12.9433 27.1471
12.9596 27.0029
12.9645 26.972
12.9539 27.0442
12.9859 26.8931
12.92 27.5758
12.986 26.8925
12.9792 26.9077
12.9469 27.1055
12.9258 27.4174
12.9395 27.1891
12.9205 27.5547
12.9528 27.0499
12.9403 27.1781
12.9595 26.9992
12.979 26.9062
12.9534 27.0432
12.9619 26.9822
12.9642 26.9681
13.0215 26.9283
12.9248 27.4325
12.9593 26.9978
13.0776 28.2537
13.0523 27.1606
13.0267 26.9511
12.9659 26.9572
12.9822 29.0669
12.9176 28.3281
13.014 29.0611
12.9261 27.3999
13.0782 28.2275
12.9847 26.8876
12.9282 27.3558
13.0544 28.7839
12.9382 27.1968
12.9497 27.0697
13.0521 27.1536
13.0695 28.53
12.9715 26.9268
12.9219 27.4967
12.9677 26.9437
13.0683 27.4108
12.9574 27.0057
12.9393 27.1796
12.9305 27.3106
12.9727 26.9203
12.9496 27.0682
12.9322 27.2796
12.959 26.9927
12.9609 26.9799
12.972 26.9218
12.9806 26.8923
12.9648 26.9563
12.9587 26.9935
12.9504 27.0586
12.9657 26.9503
12.9295 27.3219
13.0401 27.0297
12.9241 27.4329
13.073 28.4522
12.9503 27.0577
12.9574 27.0006
12.9532 27.0322
13.0032 26.8711
13.0807 28.0667
12.9383 27.1845
12.9425 27.1336
12.9271 27.3631
12.9298 27.3116
12.9283 27.3386
12.9704 26.9225
12.9239 27.4273
12.958 26.9921
12.9308 27.2915
12.9324 27.2645
12.9678 26.9332
12.9805 26.8854
12.9712 26.9172
12.9792 26.8887
12.9776 29.0686
13.0267 26.9358
12.9337 27.2425
12.9356 27.2147
13.0729 27.4983
12.9602 26.9738
12.9847 26.8736
12.972 26.9114
12.9541 27.0162
12.9542 27.0153
12.9423 27.1275
12.9529 27.0254
12.9668 26.9339
12.9454 27.0931
12.969 26.9227
12.9835 26.8736
12.9888 29.0969
12.9835 26.8727
13.0674 27.3625
12.9382 27.173
12.9141 27.7406
12.955 27.0054
12.985 26.8683
12.9839 26.8702
12.9265 27.3555
12.9662 26.9329
12.9479 27.0635
12.928 27.3256
12.9505 27.039
12.9138 28.2244
12.9574 26.9846
12.9251 27.3814
12.9402 27.1431
12.9452 27.087
12.946 27.0793
12.9939 29.1075
12.9186 27.5414
12.9249 28.5886
12.9763 29.0756
13.0789 28.2875
13.033 26.9599
12.9259 28.6086
12.9706 26.9074
13.0464 27.0636
12.9658 26.9296
12.9295 28.6772
13.0644 27.2944
12.9941 29.1103
12.9272 27.3315
13.0329 26.9569
13.071 28.5452
12.9261 27.3509
12.9643 26.9354
13.0563 28.7965
13.0282 26.9286
12.9774 26.8789
12.9731 26.8937
12.9682 26.9149
13.0656 28.6581
12.9848 26.8592
12.9476 27.0556
12.9507 27.0276
12.9437 27.0937
12.9416 27.1169
12.9539 27.0005
12.9497 27.0357
12.9648 26.9294
12.9442 27.0874
12.9396 27.1393
13.0012 26.847
12.94 27.1334
12.9498 27.0338
12.9297 27.2788
12.9691 26.9066
12.9526 27.009
12.9376 27.1624
12.9269 27.3254
13.0128 26.8633
12.9316 27.2443
12.9678 26.9102
12.9229 27.4056
12.9297 27.274
12.9515 27.0155
12.9944 29.1192
13.0713 27.4139
12.9525 27.0057
12.9373 27.161
12.966 26.9172
12.9757 26.8758
12.9411 27.1144
12.9255 27.346
12.9488 27.0354
12.9215 28.5372
12.9452 27.0691
12.9451 27.0701
12.9114 27.8369
12.9596 26.9521
12.9168 28.4094
12.9346 27.1938
12.9872 29.1157
12.9199 28.5031
12.9519 28.9582
12.9425 27.0949
13.0567 28.8075
12.9745 26.8767
12.9475 27.0445
12.9501 27.0204
12.9368 27.1613
12.9365 27.1655
12.9206 28.5236
12.9282 27.2882
12.954 26.9873
12.9518 27.0048
13.0282 26.9136
12.9309 27.2432
12.9814 26.8534
13.0384 28.9875
12.9536 26.9888
12.9134 28.2917
13.0828 28.1308
13.0498 27.0753
12.9267 27.3103
12.9339 27.1936
12.9458 27.0542
12.9593 26.946
13.0096 26.8442
12.9837 26.845
12.9312 27.232
12.9567 26.9628
12.9433 27.0781
12.9438 27.0725
12.9815 26.8487
12.9637 29.045
12.979 26.8546
12.9254 27.3292
12.9729 26.8745
12.9252 27.3339
13.0616 27.215
12.95 27.0121
12.9425 27.084
12.9567 26.9598
12.9678 26.8952
12.925 27.334
12.9703 26.883
12.9269 27.2991
12.9511 27.0009
12.9399 27.1098
12.9289 27.262
13.0147 26.8506
12.958 26.9482
12.9221 27.3919
13.0811 28.2839
12.9265 27.3015
12.9377 27.134
12.9773 26.8544
12.9692 26.8847
12.9262 27.3066
12.9719 26.8724
12.9519 26.9903
12.9531 26.9801
12.9226 27.375
12.9712 26.8742
12.9326 27.1985
12.9677 26.8893
12.976 26.8556
13.0776 28.4311
12.9615 26.9214
12.9485 27.0156
12.9648 26.9017
12.9321 27.2025
12.9219 27.3853
12.9348 27.1638
12.9826 26.8352
12.9756 26.8542
12.9426 27.0701
13.0435 26.9986
12.9728 26.8636
12.9712 29.0925
12.961 26.9205
12.9253 27.3111
12.9826 26.8333
12.9561 26.9518
12.9491 27.0062
12.9302 27.227
12.9191 27.4428
12.9607 29.0428
12.9641 26.9007
12.932 27.198
13.0642 28.7331
12.9125 28.3172
12.9465 27.0274
12.9602 26.9224
13.0644 28.7311
12.9811 26.8333
12.9338 27.1692
13.0481 28.9319
12.9681 26.8785
12.9721 26.8609
12.9463 27.0264
12.9481 27.0097
12.9448 27.0404
12.9504 26.9896
12.9169 28.4803
12.9126 28.3341
12.9636 26.8984
12.9284 27.2459
12.9634 26.899
12.9917 29.1486
13.0393 26.9556
12.9438 27.0471
12.9738 26.8507
12.9463 27.0218
12.922 27.3623
12.9529 26.9655
13.0033 26.8117
12.9478 27.0067
12.9497 26.9905
12.9423 27.0595
12.9563 26.9394
13.0748 27.4278
12.9285 27.2378
13.0408 26.9628
12.9974 29.1542
12.9615 26.905
12.9873 26.8136
12.9552 29.0181
12.9399 27.0835
12.9384 27.0999
12.9886 26.8111
13.0354 26.9233
12.9384 27.1
12.9461 27.0184
12.9683 26.8681
13.016 26.8328
12.9238 27.3173
12.9236 27.3196
13.0716 27.3506
12.9433 27.0447
12.9773 26.8327
12.9235 27.3201
12.9675 26.8698
13.0286 29.0817
12.9285 27.2318
12.9539 26.9506
12.9248 27.2936
12.9418 27.0568
12.9714 26.8514
13.0207 26.845
12.9552 26.9397
12.9229 27.3292
12.9427 28.9194
12.9232 27.3219
12.9476 26.9994
12.927 27.2531
12.957 26.9263
12.9334 27.1549
12.9555 26.9365
12.9336 28.8153
12.9802 26.8209
12.961 29.0628
12.9738 26.8401
13.0616 27.1711
12.9339 27.1466
12.9248 27.2877
12.9276 27.2399
12.926 27.2662
13.0694 27.2956
12.9276 27.2369
12.9414 27.0552
13.0585 27.1269
12.9418 27.0509
12.9293 27.2088
12.9075 28.0339
12.9371 27.1026
12.9451 27.0159
12.9244 27.2896
12.957 26.9204
12.9348 27.1289
12.9241 27.2927
12.9624 26.8858
12.913 27.5672
12.9435 27.0286
12.9699 26.8479
13.0038 26.7958
12.9834 26.8058
13.0145 26.8153
12.9488 26.9778
13.0527 28.9143
12.9179 27.4197
12.9455 27.0063
13.015 26.815
12.9645 26.8707
12.9655 26.865
12.9419 27.0397
12.9266 27.2405
12.9213 27.3387
13.0427 29.0078
12.9286 28.7613
12.9268 27.2361
12.9528 26.9423
12.9454 27.0038
12.9771 26.8167
12.9524 26.9437
13.0075 26.7953
12.922 27.3196
13.0472 26.9917
13.087 27.9439
12.9514 26.9506
13.0826 28.3579
13.016 29.1489
12.955 26.9226
12.948 26.9775
12.9223 27.3116
12.9186 27.3883
12.9178 27.4058
13.039 26.9233
12.9393 27.0605
12.9276 27.2155
12.9603 26.8867
12.9779 26.8097
13.0059 26.7888
12.9476 26.9776
12.9667 26.8518
12.9224 27.3037
13.0868 27.8506
12.9748 26.818
12.9135 27.5186
12.9415 27.0333
13.0572 28.8784
12.9355 27.1004
12.9162 27.4378
12.9304 27.1674
13.0476 26.9869
12.9481 26.9696
12.9476 26.9734
12.9679 26.842
12.9542 26.9205
12.9375 27.0732
12.949 26.9602
12.9102 28.3475
12.9703 26.8302
12.9131 27.52
12.9393 27.051
13.0448 26.9583
13.0721 27.3076
12.9311 27.1521
12.9382 27.0629
12.9209 27.3217
13.0863 27.7664
13.0186 26.8095
12.9722 26.8198
13.0836 28.3542
12.9473 26.9695
12.9463 26.9783
12.966 26.8449
13.0532 28.9328
13.0295 26.8531
12.9346 27.1002
12.9697 29.135
12.9056 28.0156
12.9199 27.3364
12.933 27.12
13.0433 29.0236
12.9529 26.9223
12.9274 27.1999
12.9168 27.4039
12.9499 29.0203
13.0317 26.8627
13.0645 28.7983
12.959 26.8794
12.9231 27.2687
13.0771 28.5697
12.9492 26.947
12.9481 26.9558
12.9378 27.056
12.9222 27.2817
12.9299 27.1557
13.0701 27.2558
13.0885 27.9853
12.9257 27.2188
12.9487 26.9492
12.921 27.3035
12.9296 27.1587
12.9752 26.8003
12.937 27.0628
12.9357 27.0769
12.9415 27.0131
13.0371 26.8889
12.9442 26.9863
12.9504 26.9332
13.0493 26.9842
12.9759 26.7961
12.9403 27.0242
12.9279 27.179
12.9389 27.0386
12.9086 27.6453
12.971 26.8123
12.9412 27.0136
12.9317 27.1244
12.9348 27.0838
12.938 27.0467
13.0384 26.8939
12.93 27.1456
13.0092 26.7717
12.9114 28.4419
13.0055 26.7653
12.9306 27.1359
12.9584 26.872
12.9771 26.7881
12.979 26.7824
12.9338 27.0928
12.9338 27.092
12.9529 26.9079
12.9467 26.957
12.9987 29.2028
12.9313 27.1233
12.941 27.0097
12.9271 27.1838
13.0706 27.2489
12.934 27.0872
13.0649 28.8128
12.9375 27.0453
12.9738 26.7949
12.9406 27.0112
12.9375 27.0437
13.0014 29.2044
12.9347 27.0758
12.9622 26.8448
13.0859 27.6508
12.9432 28.9825
13.0105 26.7671
12.9401 27.0131
12.9673 26.8176
12.9515 29.0533
12.9109 27.5256
12.9116 27.5032
12.9268 27.1797
12.9333 27.0882
12.9318 27.1069
12.9485 26.9335
13.0129 26.7698
12.9563 26.8753
12.9261 27.1881
12.9281 27.1576
12.9178 27.3378
12.9267 27.1776
12.9559 26.8764
12.9728 26.7907
12.928 27.1563
13.0227 26.7966
13.0216 29.17
12.9092 27.5711
12.9537 26.8883
12.9215 27.2595
12.9538 26.8871
12.9564 26.8692
12.9484 26.9268
12.9634 26.8273
12.967 26.8101
12.9282 27.1461
12.9321 27.093
12.9502 29.0539
13.0573 28.9264
13.0007 26.7442
12.9464 26.9406
12.9624 26.8309
12.9475 26.931
12.9037 27.8864
13.0227 26.7911
12.96 26.843
12.9511 26.9017
12.9975 29.2197
12.9134 28.5472
12.9325 27.0844
13.0889 28.2103
12.9427 26.9717
12.9244 27.1986
12.9733 26.7798
12.9317 27.0917
12.9923 26.7408
12.9433 26.9641
12.9633 26.8222
13.0317 29.1342
13.0706 28.7519
12.9435 26.9606
12.973 26.7791
12.9468 26.9307
12.912 27.4551
12.9081 27.5817
12.9327 27.0762
12.9273 27.1495
12.9727 26.7785
12.9537 26.8768
12.9467 26.9299
13.0869 27.6304
12.9288 27.1243
12.9318 27.0837
12.9301 27.1062
13.0253 29.1694
12.9088 28.4286
12.9232 27.2081
12.9168 27.3294
12.9381 27.0083
13.0481 26.9351
13.0842 27.519
13.0841 27.513
12.9639 26.8115
12.955 26.8626
13.087 27.6194
12.9613 26.8241
12.974 26.7683
12.9448 26.9398
12.9412 28.9939
13.0845 27.5187
13.0487 29.0292
12.9594 26.8323
12.9723 26.772
12.9392 26.9909
12.9948 26.7286
12.9302 27.0953
12.9495 26.8982
12.9338 27.0495
12.9297 27.1015
12.9629 26.8112
12.9214 28.7428
13.0231 29.1863
12.9024 28.0797
12.9256 28.8108
12.9511 26.8836
12.9466 26.9191
13.0901 27.7667
12.9532 26.8678
12.951 26.8836
12.9322 27.066
12.9753 26.7579
12.9291 27.1054
12.9299 27.0935
12.9019 28.0019
12.9701 26.7747
12.9062 27.6128
12.9021 27.9167
12.9649 26.7968
12.9426 26.9504
13.0742 27.2547
12.929 27.1034
12.922 27.2093
12.9725 26.764
12.9245 27.1675
12.9355 27.0206
12.9472 26.9075
12.9882 26.7253
12.9476 26.9038
12.9478 26.9013
13.0913 27.8217
12.9062 28.3733
12.9548 26.8495
12.9525 26.8647
12.9522 26.8664
12.9724 26.7599
12.9364 27.0062
12.9095 28.4953
12.9723 26.7593
13.0327 29.1536
12.9285 27.1015
12.9212 27.2134
12.9043 27.6728
12.9415 26.9514
12.9325 27.0481
13.0298 26.7928
12.925 27.1499
12.9256 28.8294
12.9229 27.1809
12.9492 26.8836
12.9444 26.9229
12.9409 26.9543
12.9862 26.7204
13.0278 26.7808
12.929 27.0894
13.0586 28.9539
12.9375 26.9876
13.0343 29.1504
12.9279 27.1027
12.9292 27.0848
12.9472 26.8965
12.9042 28.3167
12.9781 29.2267
12.929 27.0865
12.951 29.0986
12.9476 26.8917
12.9281 27.0966
12.972 26.7525
12.9514 29.1033
12.9541 26.8423
12.9407 26.95
12.928 27.0958
12.9371 26.9855
13.0576 26.9956
12.9098 27.4434
12.9202 28.7553
12.9358 26.999
12.9409 29.0203
12.9333 27.027
12.9579 29.1481
12.933 27.0296
13.0395 29.1258
12.9191 27.2331
12.9632 26.786
13.0429 26.8611
12.9321 27.0391
12.9632 26.7848
12.9648 26.7767
12.9343 27.0107
12.9719 26.7462
12.9052 28.3894
12.9175 28.7142
12.9062 28.4283
12.9519 26.8497
12.9847 29.2503
12.905 28.3839
12.9434 26.9165
13.0656 27.0842
13.0033 29.2586
12.9731 26.7393
12.9259 27.1146
12.9698 26.7509
12.922 27.1722
12.9703 26.7482
12.9539 26.8325
12.9425 26.9218
13.0863 27.4939
12.9651 26.7692
12.9655 26.7669
12.9252 28.8494
12.9631 26.7776
12.9732 26.7354
12.9344 27.0009
12.9372 26.9704
12.9723 26.7378
12.9014 28.2192
12.9328 27.0181
12.9546 26.8244
13.06 27.0068
12.9988 29.2667
12.9581 26.8025
12.945 26.8946
13.0546 26.9472
12.9294 27.0576
12.9062 27.5228
12.9342 28.9689
12.9213 28.7964
12.9617 26.7799
12.9615 26.7805
12.9525 26.8342
12.8995 28.0409
12.8997 27.8909
12.9192 27.2051
12.9686 26.7455
12.9578 26.7987
12.9436 26.901
12.9296 27.048
12.9586 26.793
12.9203 28.7867
12.9215 27.1637
13.0769 27.2467
12.9369 26.9637
12.9665 26.7522
12.934 26.994
12.9316 27.0219
12.9183 27.2172
12.8994 27.8917
12.9419 26.9124
12.9653 26.7555
13.0688 28.8617
13.0804 28.6612
12.9548 26.8122
12.9365 26.9641
12.949 26.8519
12.9415 26.9141
12.9543 26.8145
12.9167 27.2405
12.946 26.8738
12.9717 26.7272
12.9521 26.8284
12.9549 26.8093
12.9121 27.3353
12.9673 26.7438
12.9302 27.0318
12.9244 27.1088
13.0424 26.8311
12.9533 26.8175
12.9286 27.0505
13.0753 27.2033
12.9229 27.13
12.9287 27.0481
12.9209 28.81
13.0586 28.9958
12.9284 27.0504
13.0681 28.8808
12.9626 26.7613
12.9657 26.7465
12.9314 27.0118
12.9211 27.1542
12.9296 27.0341
12.9406 26.914
13.0576 26.9581
12.9637 26.7544
12.9588 26.779
12.9545 26.8048
12.9376 29.0247
12.9684 26.7327
13.0886 27.5125
12.9708 26.7229
12.9525 26.8161
12.9661 26.7407
12.9573 26.7853
12.9244 27.0992
12.9392 26.9232
12.9384 26.9307
12.9225 27.1257
12.9364 26.9489
12.9596 26.77
12.9203 27.1588
12.9441 26.8761
12.9796 29.27
12.9355 26.9566
12.9513 26.8188
13.0061 26.6756
12.9075 27.4225
13.0632 27.0105
12.962 26.7538
13.0674 27.0631
12.9387 26.9215
12.9669 26.7304
12.9339 26.9705
12.9585 26.7706
12.9272 27.0497
12.9267 27.0553
12.9203 28.8219
13.0519 29.0769
12.9311 26.9987
12.9511 26.8149
12.9673 26.7253
13.0961 28.0386
13.0677 28.9073
12.9423 26.8831
12.928 27.0347
12.9317 26.9896
12.9249 27.0764
12.9111 28.6542
12.9584 26.7667
12.9388 26.913
12.9584 26.7654
12.9574 26.7708
12.9507 26.8135
13.0964 28.0431
12.966 26.726
12.9544 26.7868
12.9599 26.755
12.9428 26.873
12.921 27.1267
12.9321 26.979
13.0323 29.2173
12.9413 29.0819
12.9578 29.1994
12.9746 29.2708
12.9401 26.894
12.9553 26.7782
12.9647 26.728
12.9036 27.5117
12.9538 26.7866
12.9276 28.9394
13.079 28.7414
13.0821 27.2939
12.9313 26.9829
12.9529 26.7915
12.9428 26.8672
13.0503 29.1053
12.9655 26.7214
13.0808 28.7102
12.93 26.9958
13.077 27.1878
12.9261 27.0438
12.9377 26.9106
12.9192 27.1437
12.9422 26.8685
12.9672 26.7108
12.9213 27.1087
12.9439 26.8515
12.9628 26.7288
13.0743 28.8356
12.9903 26.6511
13.0552 26.8978
12.9224 27.0888
13.077 27.1786
12.9461 26.8313
12.9194 27.1339
12.9609 26.736
13.0697 28.9056
12.9238 27.0667
12.9214 28.8694
12.9326 26.9554
12.9223 27.0855
13.0965 27.7788
12.9325 26.9556
12.9461 26.8277
13.0481 26.8306
12.9094 28.6553
12.954 29.1928
12.956 26.7589
12.9302 26.9786
12.9443 26.84
12.93 26.9799
12.9038 27.4656
12.964 26.7146
12.9502 26.7935
12.9326 26.9488
13.0884 28.56
12.963 26.7178
13.0164 26.6647
12.9412 26.8616
12.9581 26.7415
13.0881 27.4033
12.8992 28.3472
12.9259 27.0259
12.9399 26.8717
12.9245 27.0432
12.9245 27.0426
12.9079 28.6347
12.9509 26.783
12.9563 26.7491
12.919 27.1214
12.9518 26.7766
12.9345 26.9211
12.9513 26.7795
12.9601 26.7263
12.919 27.1202
12.8984 27.6542
12.9193 27.1147
13.0346 29.2328
12.9293 26.9765
13.0748 28.8522
13.0882 28.5827
12.9227 27.0607
12.9304 26.9619
13.064 28.9994
12.905 28.5711
12.9319 26.944
12.92 28.8733
12.9594 26.7253
12.96 26.7218
12.9399 26.8622
12.9233 27.0484
12.9845 29.3229
12.9634 26.7036
12.9562 26.7411
12.9134 27.2061
12.9317 26.9425
12.9355 26.9015
12.925 27.0226
12.9325 26.9327
13.0666 26.995
12.9242 27.0315
12.925 27.0208
12.9625 26.7056
12.9338 26.9172
13.0327 26.7122
12.9247 27.0239
12.9208 27.0775
12.9633 26.7003
12.9271 26.9918
13.0894 27.4061
12.9054 27.3769
12.935 26.901
13.0593 29.0605
12.9454 26.8082
12.9233 27.0388
12.924 27.0292
12.9451 26.8097
13.0734 27.0803
12.9357 26.8916
13.0862 27.3181
13.0589 26.8994
12.9396 26.8539
12.9085 27.2928
12.9071 28.6492
12.9215 27.0587
12.8987 28.3938
12.928 26.9725
12.9205 27.073
12.925 27.0089
13.0628 26.9369
12.9369 26.8753
12.9352 26.8912
12.95 26.7671
13.0899 28.5736
12.9721 26.6561
12.9499 26.7672
12.9529 29.2167
12.9206 27.0665
12.9274 26.9757
12.9284 29.0058
12.9281 26.9656
13.0759 27.1069
12.9267 26.9819
12.9502 26.7618
12.956 26.7246
12.9451 26.7977
12.9503 26.76
12.933 26.9066
12.9366 26.8698
12.9271 26.9717
12.9568 26.7173
13.0474 26.7861
12.9421 26.8192
12.9303 26.9331
13.0609 26.9061
12.9334 26.8998
12.9549 26.7277
12.9002 27.4941
13.033 26.6947
12.95 26.7571
12.9073 27.2931
12.9273 26.9651
12.9318 29.0547
12.959 26.702
12.9258 26.9818
12.955 26.7236
12.9489 26.7624
12.96 26.6955
12.9267 26.9691
12.9194 28.9031
12.9265 28.9986
12.9387 29.1253
12.9489 26.7593
12.9445 26.7912
12.9482 26.7631
12.959 26.6969
12.8997 27.4905
13.089 28.6322
12.9017 27.425
12.9453 26.7828
12.9285 26.9421
12.9366 26.8559
12.9165 28.8664
13.0566 29.1162
12.9463 26.7728
12.9579 26.6989
13.0396 26.7197
12.9447 29.1814
12.924 26.993
12.9203 27.0437
13.0281 26.66
12.9582 26.6948
12.9399 26.8211
12.9021 27.4011
12.9381 29.1306
12.9243 26.9855
12.8947 27.6839
12.9422 26.7988
12.9348 29.1017
12.9486 26.7503
12.9408 26.8095
12.9455 26.7721
13.0984 27.6407
13.0438 26.7403
13.045 26.7481
12.9241 26.9836
12.9424 26.7953
12.8947 27.6715
13.0972 28.3955
13.089 27.3212
13.0889 27.3181
12.924 26.9822
12.945 26.7726
12.9215 27.015
12.9296 26.9142
12.9368 26.84
12.9296 26.9126
12.9263 26.9509
12.9332 26.8741
12.9295 26.9129
12.959 26.6805
12.9253 26.962
13.0501 29.1867
12.9217 27.0071
12.9251 26.9623
12.9264 26.9465
13.0009 29.3757
12.9221 26.9996
13.1014 28.1741
13.0434 26.7287
13.0889 27.305
12.9421 26.788
12.9415 29.1738
12.9448 26.7657
13.0573 29.1308
12.9277 26.9266
13.0434 26.7253
12.9249 26.9585
13.0879 27.2742
12.9216 27.0002
12.9398 26.8031
13.0503 26.7728
12.95 26.7259
12.9337 26.8586
13.0631 26.8906
12.9287 26.9109
12.9315 26.8797
13.0749 28.9358
12.947 26.7438
12.9245 26.9585
12.9442 29.2028
12.9336 26.855
12.9355 26.8365
12.9333 29.1108
12.9371 26.8201
12.9319 26.8703
12.926 26.9353
12.9157 28.8961
12.9229 26.9723
12.8973 27.4946
12.9114 28.8256
12.8988 28.5347
13.0472 26.7406
12.9499 26.7161
13.0505 26.7639
12.932 26.8644
12.9459 26.7427
13.0463 26.7314
12.9268 26.9195
13.0491 26.7511
12.9409 26.7793
12.9416 26.7731
12.9219 26.9779
12.9024 27.3288
12.8967 27.4956
12.9495 26.7136
12.9372 26.809
12.9238 26.9512
12.9082 28.779
12.9312 29.1025
12.9301 26.8761
12.9579 26.6612
12.9022 27.3262
12.9257 26.925
13.1008 27.6443
12.9238 26.9464
12.9873 26.5666
13.0706 26.9536
13.0456 26.7172
12.9521 26.6913
12.9609 26.643
12.9226 26.9585
12.9233 26.9492
12.9429 26.753
13.076 28.9469
12.8963 27.4875
12.9278 26.8939
12.9133 28.8817
12.896 27.4961
12.8894 28.0403
13.0564 26.7978
12.9173 27.0281
12.8985 27.4094
12.9411 29.2028
13.0892 27.255
13.0474 29.2425
12.9097 28.8247
13.0544 26.7761
12.9399 26.7712
12.939 26.7784
13.0849 28.8128
12.9409 26.761
12.9423 26.7488
13.006 26.5549
12.9233 26.9366
12.9516 26.6822
12.9431 26.7403
13.0751 26.9956
13.0856 28.8076
12.9351 26.8065
12.9251 26.911
12.9412 26.7526
12.9354 26.8022
12.9345 26.8105
12.924 26.9231
13.0712 26.9414
12.9269 26.8875
12.9493 26.6911
13.0484 26.7178
12.9476 26.7014
13.0791 27.0478
12.95 26.6847
12.9342 26.8092
12.9316 26.8336
12.9255 26.8994
13.0233 29.3774
12.9192 28.9925
13.0594 26.8061
12.9265 26.8868
12.9274 26.8751
12.9371 26.7784
13.0734 26.9592
12.935 26.7956
12.9285 26.8592
12.9268 26.8777
12.9146 27.0375
12.9369 26.7758
12.8927 28.4245
12.9271 26.8711
12.9146 27.034
12.9359 26.7818
12.9014 27.2822
13.058 26.7828
13.0966 28.5835
12.9038 27.2253
13.0511 26.7231
12.9198 26.9549
12.9397 26.745
12.9298 26.8364
12.9381 26.7579
12.9297 26.8363
12.9215 29.0411
12.9345 26.7879
12.9229 29.0606
12.9326 26.8036
12.9343 26.7867
12.9442 26.7042
12.9357 26.7726
12.9428 26.7133
12.9392 26.7397
12.9414 26.7216
13.1061 28.1875
13.0534 29.2372
13.0526 29.2447
12.9213 26.9206
12.9354 26.7684
12.9234 26.8918
12.9028 27.2181
13.0551 29.2292
13.0407 29.3298
12.9106 28.9086
12.8865 27.8378
12.9283 29.14
13.0528 26.7131
13.0681 29.1133
12.8962 27.3655
12.9391 26.725
13.0959 27.3154
13.103 28.4375
12.8928 27.4584
12.9277 26.8243
12.9057 28.8419
12.9131 28.9647
12.9186 26.9286
12.9295 29.1677
13.063 26.7866
12.9512 26.6255
13.0828 28.9417
13.0558 26.7181
13.0465 26.6467
12.9255 26.8319
13.0847 27.0531
12.9183 26.9158
12.9313 29.2014
13.0729 29.0926
13.0503 26.6628
12.8984 27.2494
13.0877 27.0933
13.073 29.0958
13.0882 27.0994
13.0736 26.8794
12.9042 28.8542
12.9133 26.9696
12.9336 29.2331
12.9029 28.8333
13.0647 26.7767
12.8991 27.2189
13.0801 29.0148
12.912 26.9794
12.8837 27.8135
12.8836 27.8171
12.8968 27.2619
13.0808 26.96
12.9243 26.8147
13.0847 27.0144
13.0899 27.1017
12.8956 28.7011
13.0783 26.9144
13.0029 26.4612
13.0933 28.8174
13.0543 26.6622
13.0668 29.1962
12.9068 27.0348
12.916 26.8972
13.105 27.4549
13.0741 29.1234
13.0776 26.8889
13.0647 26.7414
13.0216 29.4795
12.9087 28.9817
13.0813 26.9347
13.0779 29.0859
12.9316 26.7128
12.9769 29.496
12.9315 26.7117
12.9082 26.9897
12.8961 27.2186
12.887 27.4799
12.9145 29.0755
13.1133 28.0026
13.0081 26.4443
13.0434 26.5663
12.9767 29.5025
12.9003 27.1203
12.9033 28.9125
12.9144 29.0819
12.9032 27.0614
12.9267 29.2256
12.9031 27.0561
12.9251 26.7558
13.0559 26.6404
12.8822 27.6593
12.8798 28.1191
13.0637 26.7041
13.0753 26.8261
12.9579 29.4536
12.958 26.5082
13.1018 28.7019
13.0074 26.4223
12.879 27.8718
13.0656 26.7086
13.0737 26.7922
12.963 29.4863
13.0834 26.9108
12.9319 26.6661
12.9489 26.5425
12.9654 26.4627
12.9313 26.6685
12.9331 26.6497
13.107 27.3835
13.0017 28.4392
12.9912 28.5204
12.9651 28.5153
13.0232 28.6318
12.9578 28.6584
13.0223 28.8159
12.9319 28.5191
12.9567 28.9513
13.0315 26.958
13.0232 29.0721
13.0629 27.1505
13.0044 26.7654
13.0045 29.2014
13.0342 26.8289
12.9256 28.8304
13.0322 26.7731
13.0477 29.1003
12.9943 26.6576
13.0327 29.2489
13.0344 29.2907
13.0621 26.8577
13.0303 26.6185
12.89 27.7469
13.1073 27.8433
13.0244 29.4218
13.0548 26.6401
13.0396 26.5267
12.9027 28.9321
12.9016 28.9242
12.9989 28.0348
12.987 27.9769
13.011 27.9238
13.005 28.2023
12.9751 28.0146
12.9708 28.1257
13.0297 28.0949
12.9635 28.1804
13.0336 27.653
13.0424 27.868
12.9591 27.6102
12.9572 27.5461
12.982 28.7066
12.9367 27.7456
12.9995 28.839
13.0071 28.8677
13.0536 27.4483
12.9236 27.798
13.0289 28.9997
12.9474 28.9297
12.9532 29.0449
13.0868 27.5698
12.9062 28.5388
12.8947 27.6647
12.9053 27.0681
12.9944 28.9266
13.0971 27.711
12.9848 27.6444
13.0115 28.455
12.9513 27.773
13.0103 28.6641
12.9406 27.7272
12.9473 28.5225
12.949 28.6233
12.9332 28.4869
12.9582 28.8605
12.9399 27.234
13.0788 27.9217
12.9975 29.1459
13.074 27.3045
13.0728 28.7641
12.9045 27.3037
13.0742 29.0434
13.0632 29.2205
12.9339 29.2636
13.0079 28.5028
12.962 27.6079
