23 42 51.6 -03 25 56         
23 46 18.9 +09 29 59         
22 54 12.0 +16 06 40         
01 25 42.4 -00 03 40         
23 42 54.8 -03 25 16         
10 10 12.7 +41 30 18         
12 36 48.189 +62 12 14.98    
20 01 00.0 -46 48 00         
17 19 55.8 +48 06 28         
00 27 02.7 +22 40 25         
03 02 33.0 +00 06 00         
17 19 47.0 +48 05 00         
23 46 40.0 +09 33 06         
10 10 37.2 +41 35 38         
21 48 07.5 +06 55 28         
21 48 19.6 +06 59 16         
02 02 00.8 -11 34 21         
23 05 00.7 +03 09 02         
23 04 35.6 +03 09 47         
15 45 42.8 +59 11 32         
00 27 20.6 +22 42 15         
17 20 00.6 +48 03 28         
23 46 36.9 +09 32 16         
09 19 39.7 +51 06 45         
04 17 17.3 -05 56 47         
23 46 25.2 +09 28 00         
12 36 47.139 +62 12 12.61    
09 20 08.1 +51 06 33         
10 02 24.1 +68 16 18         
00 27 27.3 +22 43 33         
23 46 49.1 +09 29 09         
17 19 43.1 +48 05 53         
21 47 52.4 +06 54 59         
09 20 19.3 +51 08 58         
04 17 02.9 -05 51 09         
11 05 40.7 +00 07 15         
23 46 28.4 +09 32 19         
23 43 13.8 -03 19 36         
09 20 11.0 +51 08 44         
04 17 05.8 -05 50 53         
04 17 04.1 -05 50 32         
10 10 20.6 +41 29 21         
23 46 54.4 +09 30 23         
10 03 44.9 +68 16 27         
01 25 15.5 -00 05 03         
04 17 20.1 -05 56 40         
01 25 41.8 -00 03 15         
02 01 51.3 -11 34 36         
21 48 23.1 +06 56 59         
04 16 59.6 -05 53 35         
04 17 26.4 -05 51 04         
08 49 32.9 +02 14 39         
01 25 40.9 -00 09 36         
09 19 29.1 +51 05 38         
04 17 02.6 -05 56 05         
23 05 03.1 +03 09 03         
10 10 39.2 +41 30 24         
22 53 52.3 +16 10 11         
10 10 28.4 +41 33 56         
23 43 14.6 -03 20 13         
23 43 04.0 -03 22 45         
03 32 59.0 -35 57 51         
09 19 40.7 +51 08 11         
16 20 15.9 +17 34 44         
01 25 47.7 -00 07 58         
01 25 26.4 -00 04 56         
04 17 01.0 -05 51 44         
01 10 24.5 -02 19 39         
01 25 39.6 -00 05 18         
12 42 11.041 +11 38 41.21    
23 46 51.3 +09 34 13         
23 04 47.4 +03 08 58         
04 17 29.5 -05 53 02         
23 04 33.0 +03 08 51         
16 20 32.6 +17 39 07         
01 10 19.5 -02 20 15         
01 25 25.7 -00 08 00         
10 10 50.8 +41 30 17         
04 17 14.8 -05 50 41         
21 48 00.2 +06 55 05         
21 44 11.970 -39 33 56.42    
23 04 49.1 +03 08 43         
11 23 20.0 +01 37 53         
17 19 11.1 +48 02 42         
10 10 11.3 +41 29 54         
02 01 53.3 -11 36 15         
22 54 10.1 +16 06 32         
10 10 35.4 +41 28 57
09 19 57.3 +51 04 21         
10 02 54.4 +68 10 01         
13 35 34.79 +01 18 05.5      
04 17 25.3 -05 55 28         
01 10 23.4 -02 19 35         
23 46 49.3 +09 31 57         
23 46 24.5 +09 28 45         
00 37 08.0 +09 09 30         
09 19 41.1 +51 06 13         
09 19 57.8 +51 08 11         
21 48 22.1 +06 58 22         
01 10 28.7 -02 21 12         
22 54 01.2 +16 07 04
00 26 56.7 +22 40 09         
01 25 13.6 -00 03 28         
09 19 46.0 +51 09 03         
01 25 11.9 -00 03 47         
23 42 43.9 -03 23 17         
01 25 36.7 -00 08 03         
21 48 11.4 +06 57 26         
23 42 56.1 -03 24 26         
23 46 21.3 +09 28 39         
09 19 35.2 +51 08 17         
04 17 22.9 -05 52 10         
01 10 28.1 -02 18 52         
10 10 06.2 +41 31 05         
04 17 04.4 -05 53 41         
17 19 21.9 +48 07 03         
00 27 00.0 +22 42 51         
21 23 27.0 -53 02 02         
23 46 24.2 +09 31 16         
01 25 40.7 -00 07 35         
10 10 18.1 +41 31 15         
09 20 10.0 +51 06 37         
17 19 17.6 +48 05 25         
11 55 17.3 +63 46 22         
22 53 44.9 +16 07 32         
04 17 12.4 -05 51 24         
23 43 09.2 -03 23 45         
02 09 41.27 +00 15 58.4      
16 20 09.0 +17 36 12         
16 20 35.7 +17 39 04         
23 46 52.2 +09 30 29         
01 10 23.8 -02 19 37         
09 20 13.8 +51 05 04         
23 43 03.7 -03 19 06         
23 46 50.5 +09 27 51         
10 03 54.7 +68 10 32         
23 46 31.8 +09 27 33         
00 27 28.1 +22 41 23         
23 46 48.4 +09 28 12         
21 48 18.7 +06 56 08         
21 48 00.2 +06 58 26         
23 04 31.1 +03 14 08         
10 03 34.0 +68 16 16         
01 10 14.2 -02 20 10         
19 34 54.0 -52 49 54         
23 46 28.8 +09 29 46         
21 48 17.4 +06 56 18         
08 08 59.867 +06 43 32.24    
00 27 01.5 +22 40 54         
01 25 16.8 -00 04 58         
10 10 31.5 +41 35 39         
23 42 59.6 -03 24 09         
21 48 06.1 +06 57 19         
23 46 30.3 +09 32 58         
16 20 18.3 +17 38 34         
23 46 22.9 +09 28 19         
21 47 56.4 +06 59 43         
23 04 31.9 +03 10 47         
17 19 29.5 +48 03 20         
23 04 50.0 +03 10 10         
04 17 13.0 -05 55 16         
23 42 57.0 -03 25 33         
04 17 14.9 -05 55 41         
09 20 09.0 +51 03 57         
02 02 05.2 -11 35 11         
21 47 55.1 +06 58 06         
16 20 29.3 +17 37 35         
09 19 31.9 +51 02 24         
21 47 50.2 +06 55 26         
23 42 45.7 -03 23 14         
04 17 16.6 -05 55 20         
23 04 42.4 +03 08 03         
21 48 02.1 +06 57 17         
23 04 36.3 +03 13 03         
23 43 12.7 -03 21 10         
04 17 11.9 -05 52 46         
10 03 36.6 +68 16 15         
04 17 28.8 -05 53 56         
23 04 28.6 +03 13 51         
22 53 54.8 +16 06 43         
09 19 56.3 +51 05 17         
02 01 46.1 -11 36 11         
22 54 14.6 +16 09 00         
12 01 22.1 -19 00 12         
21 48 20.2 +06 58 35         
21 47 47.3 +06 58 27         
06 47 50.0 +70 14 55         
23 46 55.2 +09 30 55         
04 17 34.8 -05 56 38         
00 27 16.4 +22 40 00         
21 48 18.3 +06 55 40         
16 20 38.0 +17 36 01         
09 19 59.4 +51 03 03         
21 48 12.9 +07 00 26         
21 47 59.6 +06 58 14         
04 17 16.4 -05 51 14         
19 05 42.75 +70 22 33.3      
20 04 07.06 -13 49 30.8      
09 19 42.1 +51 05 28              
21 48 20.5 +07 00 10         
10 10 13.6 +41 31 20         
04 17 03.3 -05 53 05         
01 10 26.8 -02 20 51         
04 17 29.3 -05 52 47         
02 01 48.4 -11 34 03         
23 46 19.7 +09 28 22         
23 46 31.3 +09 32 26         
00 27 11.50 +22 40 12.5      
21 48 17.2 +06 56 37         
10 10 36.6 +41 35 39         
01 25 24.9 -00 07 55         
04 52 30.201 -29 53 36.58    
23 04 38.92 +03 11 52.8      
21 48 16.4 +06 58 13         
10 10 24.7 +41 32 06         
09 20 14.9 +51 03 42         
17 19 15.9 +48 04 00         
16 20 40.4 +17 38 04         
21 48 22.5 +06 57 00         
21 47 53.3 +06 54 50         
02 06 22.52 +16 08 48.8      
10 10 51.0 +41 28 58         
17 19 27.8 +48 06 29         
01 25 24.2 -00 08 32         
23 46 54.1 +09 28 04         
01 25 12.5 -00 08 33         
23 46 46.6 +09 29 10         
04 17 23.7 -05 56 41         
02 01 52.5 -11 30 20         
23 04 56.4 +03 08 32         
16 20 02.3 +17 37 43         
01 09 59.4 -02 17 57         
10 10 41.90 +41 33 03.8      
21 48 11.0 +06 57 33         
01 25 19.5 -00 03 23         
12 29 06.0 +02 03 12         
01 25 39.8 -00 05 03         
09 20 25.0 +51 07 16         
23 42 51.8 -03 25 43         
01 25 30.4 -00 03 09         
18 35 45.76 +52 37 36.7      
23 43 00.6 -03 25 42         
22 54 15.6 +16 06 05         
17 19 52.5 +48 05 09         
09 20 09.4 +51 07 43         
21 48 10.0 +06 57 59         
23 43 13.2 -03 24 01         
17 04 02.0 -22 39 00         
02 02 02.8 -11 33 03         
09 20 00.3 +51 05 06         
04 17 22.0 -05 50 42                    
01 25 23.8 -00 07 43         
09 20 21.0 +51 02 52         
17 19 49.8 +48 01 35         
23 46 35.2 +09 32 41         
01 25 46.7 -00 04 06         
23 04 52.1 +03 10 28                     
21 47 54.0 +06 55 28         
10 10 32.5 +41 32 42         
02 02 08.8 -11 31 07         
21 48 08.4 +06 57 14         
22 53 40.0 +16 07 56         
10 02 38.3 +68 11 36         
16 20 31.9 +17 35 35         
23 46 21.3 +09 30 52         
23 04 53.7 +03 15 11         
23 46 50.1 +09 33 08         
02 18 34.360 +07 44 27.65    
01 25 44.3 -00 09 26         
17 19 24.7 +48 02 06         
04 17 29.1 -05 52 14         
21 47 49.5 +06 59 18         
00 27 30.1 +22 44 49         
22 54 08.3 +16 09 08         
01 10 20.8 -02 21 42         
01 25 22.5 -00 07 30         
16 20 19.4 +17 38 26         
04 17 28.1 -05 53 41         
04 17 24.0 -05 55 44         
23 04 58.2 +03 08 12         
00 27 13.0 +22 41 42         
00 26 59.4 +22 40 10         
23 42 39.9 -03 22 20         
23 42 52.8 -03 20 08         
23 46 51.2 +09 33 24         
21 47 57.0 +06 56 36         
23 04 48.8 +03 11 05         
23 46 32.4 +09 31 57         
09 20 15.6 +51 03 11         
12 52 42.927 -29 29 20.05    
21 48 05.5 +06 59 14         
09 19 48.6 +51 07 00          
22 53 45.6 +16 06 15         
04 17 32.4 -05 56 03         
23 46 43.3 +09 30 24         
23 46 42.4 +09 34 07         
04 17 00.1 -05 51 59         
17 20 02.1 +48 02 43         
23 46 33.7 +09 33 14         
23 04 56.0 +03 11 09         
23 04 52.1 +03 09 19         
17 19 48.2 +48 05 02         
17 19 34.4 +48 05 38         
03 32 35.604 -27 57 37.51    
00 27 03.4 +22 39 59         
02 02 15.1 -11 30 17         
10 10 46.3 +41 34 10         
23 04 48.1 +03 09 41         
04 17 26.8 -05 54 25         
00 27 24.9 +22 40 45         
21 48 19.0 +06 55 55         
21 47 51.7 +06 59 33         
23 46 45.6 +09 30 27         
21 48 20.7 +06 56 54         
08 35 22.60 -45 07 37.6      
01 25 29.8 -00 02 49         
01 25 40.4 -00 03 44         
00 27 10.7 +22 42 27         
10 10 48.6 +41 29 45         
21 47 49.2 +06 59 30         
01 25 18.6 -00 03 20         
09 19 42.6 +51 02 41         
16 20 04.4 +17 34 20         
22 53 55.9 +16 06 45         
16 20 03.6 +17 34 31         
04 17 18.0 -05 55 43         
01 10 09.8 -02 23 21         
10 14 06.5 +03 20 47         
23 46 37.3 +09 28 09         
21 47 54.3 +06 57 32         
22 54 02.8 +16 07 01         
23 04 50.7 +03 09 56         
01 10 00.1 -02 20 58         
17 19 27.1 +48 05 28         
16 20 09.8 +17 34 17         
09 19 30.9 +51 04 50         
10 10 05.2 +41 31 25         
04 16 59.4 -05 55 38         
02 27 20.0 +33 57 30         
09 20 17.9 +51 08 10         
03 32 59.0 -35 57 51         
22 53 48.9 +16 06 37         
10 10 15.5 +41 34 00         
21 48 11.7 +06 58 17         
12 36 47.883 +62 12 29.52    
21 47 54.3 +06 56 57         
00 27 33.4 +22 43 11         
23 46 43.8 +09 27 36         
00 27 14.2 +22 40 00         
21 47 57.6 +06 58 47         
16 20 02.7 +17 38 24         
03 51 22.29 +28 17 52.2      
10 10 29.5 +41 30 29         
16 20 34.5 +17 35 40         
21 48 09.5 +06 59 38         
01 25 34.8 -00 07 54         
16 20 28.1 +17 36 37         
10 02 32.4 +68 11 01         
23 04 39.18 +03 08 19.4      
01 10 04.6 -02 19 40         
21 47 48.1 +06 59 54         
23 43 01.4 -03 23 17         
10 10 34.4 +41 29 26         
04 17 24.2 -05 56 11         
01 25 17.3 -00 08 35         
02 01 45.4 -11 36 16         
09 20 03.4 +51 03 31         
23 46 35.4 +09 32 52         
09 19 38.4 +51 07 51         
01 25 14.1 -00 07 27         
23 46 38.9 +09 29 39         
01 25 38.5 -00 08 05         
10 03 19.3 +68 12 03         
01 10 02.6 -02 16 13         
23 46 27.9 +09 32 40         
09 53 13.700 +69 30 02.63    
21 47 51.3 +06 57 22         
10 10 43.1 +41 34 20         
04 17 30.5 -05 55 52         
22 54 02.1 +16 10 11         
10 10 33.2 +41 34 42         
23 04 54.8 +03 10 01         
22 53 58.8 +16 07 04         
22 53 49.1 +16 06 39         
22 53 44.1 +16 09 58         
17 19 12.2 +48 02 42         
12 43 35.964 +11 32 04.69    
10 10 27.5 +41 29 19         
16 20 18.9 +17 33 49         
08 49 58.102 +51 08 26.62    
16 20 34.3 +17 37 01         
04 17 31.1 -05 51 48         
01 25 47.5 -00 05 44         
10 10 22.9 +41 32 21         
17 19 26.3 +48 02 17         
21 48 16.7 +06 56 56         
21 47 51.5 +06 54 51         
22 53 43.2 +16 10 41         
04 17 17.6 -05 56 42         
21 48 23.5 +06 57 21         
16 20 28.0 +17 36 36         
16 20 24.2 +17 35 00         
10 48 44.29 +45 46 50.0      
14 18 00.0 +52 36 00         
17 19 13.6 +48 06 35         
23 04 33.7 +03 10 00         
09 20 02.0 +51 08 38         
02 02 04.5 -11 34 32           
16 20 25.5 +17 35 20         
23 04 54.6 +03 09 00         
10 10 08.8 +41 32 22         
01 10 03.0 -02 17 35         
21 47 49.4 +06 58 32         
01 10 20.3 -02 23 37         
13 11 29.96 -01 19 18.7      
02 01 56.4 -11 30 06         
23 04 30.3 +03 13 39         
13 58 03.12 -31 22 22.2      
01 10 25.4 -02 20 02         
16 20 40.2 +17 35 55         
23 42 42.3 -03 23 25         
01 25 43.6 -00 08 06         
04 17 32.5 -05 52 28         
01 10 18.1 -02 21 00         
10 10 37.8 +41 29 08         
00 27 31.1 +22 43 48         
02 02 06.3 -11 33 14         
10 03 49.60 +68 10 43.0      
01 25 25.5 -00 03 48         
09 20 05.0 +51 07 28         
21 48 07.20 +06 56 42.9      
03 11 20.039 +01 18 58.49    
21 47 55.6 +06 59 10         
01 10 03.1 -02 22 34         
01 10 26.0 -02 20 02         
23 43 15.3 -03 20 38         
23 42 50.2 -03 20 34         
02 02 13.1 -11 31 19         
01 25 23.0 -00 05 13         
10 10 32.5 +41 32 54         
09 20 22.4 +51 08 40         
23 43 02.3 -03 23 54         
04 17 20.5 -05 52 21         
04 17 22.0 -05 50 30         
22 54 09.5 +16 06 03         
09 19 43.2 +51 06 26         
01 25 36.3 -00 05 12         
22 53 41.4 +16 09 08         
00 27 05.0 +22 41 34         
23 42 57.3 -03 23 54         
10 03 10.3 +68 10 09         
23 42 48.9 -03 20 22         
16 20 24.4 +17 33 45         
21 48 01.8 +06 57 44         
17 09 52.300 +59 13 21.72    
09 20 03.1 +51 09 19         
23 43 05.5 -03 21 32         
10 10 09.7 +41 32 17         
04 17 00.2 -05 53 23         
19 34 31.02 +50 25 23.5      
17 19 23.0 +48 01 28         
23 04 58.8 +03 10 14         
22 53 49.3 +16 08 43         
02 01 54.4 -11 29 58         
01 10 29.5 -02 19 56         
10 10 14.5 +41 30 06         
23 42 58.3 -03 25 13         
21 48 11.9 +06 54 47         
10 02 47.2 +68 10 37         
23 04 51.5 +03 12 02         
02 02 12.4 -11 31 58         
21 47 52.9 +06 57 13         
23 46 22.3 +09 27 46         
21 48 09.6 +06 54 59         
01 10 29.5 -02 20 05         
01 25 43.3 -00 05 07         
23 04 40.4 +03 10 02         
01 10 04.6 -02 17 25         
09 20 19.7 +51 06 30         
09 44 47.1 +67 26 19         
09 20 06.8 +51 04 48         
23 46 26.8 +09 32 49         
12 01 25.7 -19 00 42         
22 53 47.4 +16 06 55         
23 46 53.7 +09 32 15         
21 47 51.0 +06 58 29         
23 46 20.7 +09 29 25         
10 10 07.0 +41 32 10         
09 19 59.3 +51 09 30         
01 25 11.0 -00 03 24         
04 17 17.1 -05 56 21         
22 54 08.4 +16 08 58         
01 25 17.9 -00 05 50         
10 10 17.1 +41 31 32         
00 24 27.60 +62 50 33.5      
16 20 38.9 +17 36 29         
01 25 31.8 -00 09 12         
04 17 03.4 -05 51 22         
12 33 54.6 +21 03 27         
23 42 40.7 -03 22 18         
10 10 19.1 +41 29 34         
12 36 58.0148 +62 12 35.571  
16 20 23.2 +17 36 59         
09 19 35.2 +51 05 12         
15 20 38.047 +07 39 34.91    
23 46 47.5 +09 28 17         
21 48 15.8 +06 59 56         
17 19 36.2 +48 03 10         
02 02 10.6 -11 33 36         
23 42 56.7 -03 26 12         
23 43 11.3 -03 23 48         
23 43 06.8 -03 21 51         
16 20 17.3 +17 34 05         
23 46 41.2 +09 32 23         
11 18 30.0 +15 02 18         
00 27 29.1 +22 39 07         
23 46 27.5 +09 27 34         
10 10 40.6 +41 31 21         
09 19 32.3 +51 05 00         
10 10 25.9 +41 32 06         
04 17 27.9 -05 50 37         
21 48 12.6 +06 57 36         
02 02 11.3 -11 35 29         
00 27 22.1 +22 41 51         
23 04 32.8 +03 09 59         
22 54 13.8 +16 08 53         
04 17 25.7 -05 55 46         
23 46 52.9 +09 32 22         
23 46 23.2 +09 32 24         
04 16 58.9 -05 51 25         
23 46 39.3 +09 33 46         
16 20 38.3 +17 36 54         
01 25 21.3 -00 04 49         
23 42 39.3 -03 23 49         
22 53 39.2 +16 09 57         
21 48 16.1 +06 56 57         
10 10 03.8 +41 31 31         
22 54 09.2 +16 08 57         
09 20 22.2 +51 02 27         
21 48 18.3 +06 59 52         
00 27 18.2 +22 39 09         
22 54 03.4 +16 06 43         
01 10 16.5 -02 21 37         
23 04 46.64 +03 11 18.8      
16 20 17.9 +17 35 10         
01 10 17.3 -02 21 01         
23 46 30.1 +09 27 53         
21 48 01.4 +06 56 59         
04 17 12.5 -05 56 13         
16 07 57.070 +11 14 53.65    
23 46 20.1 +09 28 58         
16 20 36.3 +17 34 49         
21 48 14.6 +06 56 31         
01 01 27.830 -33 43 19.68    
01 25 19.9 -00 02 53         
09 19 30.5 +51 08 32         
00 27 22.7 +22 41 22         
22 53 54.3 +16 06 56         
02 02 03.5 -11 35 06         
23 46 43.3 +09 30 19         
16 20 33.1 +17 36 55         
23 42 47.0 -03 25 14         
18 12 58.58 +68 21 14.8      
21 48 05.4 +07 00 29         
21 48 05.1 +06 55 59         
16 20 25.1 +17 35 49         
23 43 09.7 -03 18 56         
04 17 09.8 -05 51 14         
04 17 17.6 -05 51 34         
16 20 15.3 +17 34 40         
04 17 05.2 -05 53 18         
09 20 20.7 +51 08 17         
09 19 34.2 +51 05 55         
23 46 19.0 +09 27 56         
12 29 06.0 +02 03 06         
17 19 14.7 +48 02 39         
16 20 04.6 +17 34 14         
10 07 25.0 -67 02 54         
09 19 43.7 +51 03 34         
09 20 26.1 +51 07 32         
23 43 07.8 -03 19 39         
21 48 10.7 +06 56 01         
23 42 56.1 -03 24 53         
00 26 55.8 +22 41 02         
22 53 59.8 +16 06 03         
16 20 30.6 +17 33 39         
16 20 12.5 +17 36 08         
01 09 56.9 -02 20 53         
10 10 07.9 +41 31 28         
04 17 12.5 -05 51 33         
09 19 48.4 +51 03 05         
10 10 50.2 +41 31 06         
04 17 07.4 -05 57 33         
01 10 30.4 -02 17 59         
23 46 46.9 +09 34 08         
17 19 53.2 +48 03 32         
21 47 47.9 +06 59 59         
00 26 57.8 +22 41 31         
23 04 45.9 +03 14 57         
16 06 11.0 +55 26 57         
22 54 00.5 +16 09 06         
23 46 46.1 +09 31 16         
21 48 22.1 +06 57 15         
23 42 42.9 -03 19 38         
23 46 45.7 +09 28 17         
23 04 53.0 +03 11 36         
01 25 29.0 -00 09 33         
23 46 20.4 +09 30 50         
04 17 08.1 -05 52 47         
23 42 40.0 -03 21 11         
22 53 47.1 +16 10 33         
02 01 47.4 -11 32 15         
00 27 21.4 +22 43 19         
22 53 53.9 +16 08 58         
17 19 58.5 +48 05 34         
21 47 47.2 +06 56 53         
22 48 44.1 -44 31 51         
23 05 01.8 +03 11 31         
17 19 18.9 +48 05 13         
04 17 29.9 -05 51 32         
16 20 08.0 +17 33 47         
04 17 33.4 -05 51 21         
13 12 43.38 +42 44 36.7      
01 25 15.7 -00 04 08         
21 47 55.5 +06 56 11         
11 17 04.50 +30 37 24.0      
23 04 43.7 +03 09 16         
23 46 42.6 +09 29 06         
01 25 42.6 -00 08 48         
10 07 13.68 +28 53 48.4      
02 01 59.7 -11 29 51         
01 10 01.8 -02 16 53         
21 48 09.1 +06 57 29         
10 10 22.0 +41 29 54         
01 25 33.0 -00 05 18         
00 27 07.8 +22 39 22         
11 11 13.5 +28 41 20         
17 01 00.0 +51 42 00         
10 25 00.7 -00 40 49         
13 12 31.80 +42 43 46.2      
13 12 16.05 +42 44 38.5      
00 57 34.40 -27 27 02.6      
00 57 21.15 -27 23 42.1      
00 57 34.72 -27 25 06.6      
00 57 21.88 -27 24 18.9      
00 57 24.11 -27 31 26.5      
00 57 25.46 -27 24 35.5      
00 57 26.21 -27 33 29.8      
00 57 13.80 -27 23 23.9      
00 57 15.87 -27 32 14.6      
00 57 29.92 -27 31 13.1      
00 57 19.63 -27 31 42.8      
00 57 14.73 -27 29 27.7      
00 57 19.19 -27 31 53.7      
00 57 30.64 -27 27 42.1      
00 57 12.26 -27 23 55.4      
00 56 58.98 -27 29 56.2      
00 57 16.30 -27 32 39.6      
00 57 21.86 -27 22 15.0      
00 57 03.99 -27 32 29.4      
00 56 52.07 -27 33 52.2      
00 57 17.50 -27 24 06.5      
00 57 09.51 -27 33 18.8      
00 57 15.26 -27 32 04.0      
00 57 26.59 -27 30 24.3      
00 57 16.74 -27 31 00.1      
00 57 20.25 -27 29 40.1      
00 57 17.12 -27 22 41.3      
00 05 00.163 +22 07 56.01    
00 03 27.41 +35 09 31.0      
00 03 17.13 -26 06 03.2      
00 03 30.38 -26 05 47.3      
00 03 21.87 -26 05 39.9      
00 03 21.12 -26 04 17.4      
00 03 20.25 -26 03 36.6      
00 03 26.33 -26 03 28.7      
00 03 23.30 -26 02 52.3      
00 03 27.31 -26 02 27.7      
00 03 25.40 -26 01 25.3      
00 03 25.17 -26 04 35.2      
00 03 31.02 -26 04 31.1      
00 03 17.23 -26 04 03.9      
00 03 20.97 -26 03 37.6      
00 03 28.51 -26 03 28.3      
00 03 23.79 -26 02 48.5      
00 03 32.45 -26 01 47.4      
00 03 19.84 -26 01 22.1      
00 03 24.65 -26 05 48.8      
00 03 25.12 -26 04 52.6      
00 03 18.47 -26 04 35.0      
00 03 19.70 -26 04 26.5      
00 03 25.92 -26 02 20.0      
00 03 21.22 -26 01 47.6      
00 03 21.25 -26 01 26.8      
00 02 44.2 -80 20 47         
22 12 54.590 +00 54 51.07    
05 09 31.30 +11 17 07.3      
22 14 31.189 +00 57 00.06    
22 14 13.568 +00 57 57.02    
12 10 48.4 -09 20 51         
12 10 48.4 -09 20 51         
22 14 20.859 +01 01 07.06    
22 14 59.543 +01 01 10.38    
22 15 04.872 +01 01 58.46    
16 31 28.81 +02 11 14.2      
19 01 48.0 -04 30 00         
18 58 36.0 -03 08 00         
22 11 59.822 +01 12 04.42    
20 47 33.0 -16 20 36         
10 16 47.9 +43 32 55         
20 36 19.0 -07 11 18         
20 53 22.0 -08 25 30         
19 55 56.0 +02 43 48         
20 58 39.0 -05 41 00         
19 14 57.0 +10 17 48         
20 41 02.0 -01 16 48         
16 20 30.0 +26 54 00         
13 29 31.0 +29 13 00         
18 14 17.0 +40 53 18         
22 13 58.324 +01 38 43.79    
15 48 55.0 +43 49 48         
21 10 03.0 +24 01 18         
22 12 57.052 +01 42 25.19    
22 32 37.0 +13 10 42         
22 32 37.0 +13 10 42         
22 32 37.0 +13 10 42         
18 44 47.0 +50 32 00         
22 46 29.0 +10 09 48         
23 44 55.0 +09 15 54         
23 09 23.0 +05 27 12         
23 11 24.0 +05 17 12         
12 13 06.0 -20 55 00         
23 55 35.0 -06 04 30         
21 23 30.0 +50 56 00         
23 38 57.0 +06 09 18         
23 38 57.0 +06 09 18         
23 43 02.0 +04 28 12         
23 54 18.0 +02 36 42         
23 48 35.0 +07 07 42         
23 51 04.0 +05 54 18         
12 36 40.81 +62 12 09.3      
23 50 19.0 +10 48 36         
23 49 28.0 +50 57 12         
19 46 41.87 -19 36 04.8      
12 00 44.0 +50 06 18         
02 41 41.0 +16 17 18         
02 40 43.0 +16 31 30         
08 03 13.0 +58 25 30         
06 02 42.0 +51 25 54         
03 07 46.0 +10 25 00         
03 01 38.0 +08 14 54         
06 20 17.0 -55 11 59         
04 25 34.0 +13 26 42         
04 16 23.0 +03 47 30         
12 36 40.963 +62 12 10.75    
10 30 23.0 +07 47 06         
07 46 18.0 -28 28 00         
11 07 16.0 -04 54 42         
22 29 38.16 +19 33 35.1      
00 35 24.1 +00 24 00         
12 36 40.99 +62 12 14.2      
05 59 51.9 +75 14 56         
13 37 30.0 -39 53 00         
09 32 49.0 -11 27 36         
17 11 30.0 -64 43 00         
13 00 35.9 +65 22 35         
01 21 50.65 -12 57 19.0      
11 06 09.4 -21 46 13         
14 49 56.0 -06 42 24         
14 49 56.0 -06 42 24         
14 09 10.0 +61 05 11         
17 09 55.4 +58 23 48         
08 05 32.2 +30 37 12         
21 34 26.4 +10 43 13         
14 08 17.14 -03 46 17.8      
12 36 40.98 +62 12 07.4      
19 24 36.8 +35 21 09         
19 52 32.36 -01 17 34.2                           
15 40 49.1 -00 33 42         
14 42 10.4 -00 27 54         
12 38 51.6 +67 09 28         
09 28 57.3 +44 00 59         
20 52 22.5 +00 01 11         
11 36 29.4 -02 23 03         
13 06 13.65 +06 00 22.1      
21 44 19.035 -07 11 35.89    
10 10 51.5 +06 04 32         
00 33 11.22 -43 55 12.3      
11 29 33.772 +34 11 03.99    
12 36 41.1539 +62 12 10.569  
01 11 23.4 +00 00 12         
15 50 30.7 +52 17 05         
11 51 07.0 +64 55 40         
11 28 37.7 +58 35 26         
08 50 38.7 +02 01 55         
11 01 02.1 +07 36 22         
00 24 31.9 +00 31 23         
12 36 41.22 +62 12 07.2      
21 47 47.0 -00 32 27         
22 51 25.8 -09 26 35         
03 24 54.5 -01 10 29         
21 37 20.8 -08 08 09         
11 19 24.828 +54 21 49.22    
08 13 23.3 +45 18 09         
20 42 49.7 -06 26 31         
22 07 51.954 -08 18 09.49    
13 58 03.01 -31 22 24.7      
14 24 57.092 +37 08 45.47    
12 36 41.23 +62 12 15.6          
15 09 54.259 +10 14 58.86    
12 39 01.069 +06 13 45.76    
12 36 41.29 +62 12 14.7      
13 18 14.957 +33 17 00.17    
09 52 51.108 +22 31 05.49    
12 08 48.145 +41 20 44.94    
13 01 20.665 +39 55 00.09    
22 44 51.650 +00 40 38.02    
08 58 46.907 +03 43 15.60    
12 36 41.37 +62 12 15.9      
09 21 48.990 +15 39 17.81    
10 49 10.667 +24 34 12.80    
11 33 04.436 +23 37 51.65    
14 34 06.867 +07 32 11.76    
12 36 41.40 +62 12 07.0      
03 31 51.6370 -27 45 52.262  
14 56 40.519 +61 50 49.52    
12 31 11.539 +09 53 28.15    
12 31 07.724 +09 52 55.82    
15 26 42.070 +26 14 51.48    
08 29 45.882 +47 56 03.67    
00 33 06.30 -43 10 29.8      
21 56 41.784 -08 40 11.05    
08 20 59.779 +01 52 16.67    
00 34 27.54 -43 02 22.5      
00 33 20.69 -43 02 03.7      
12 36 41.41 +62 12 06.6      
09 44 37.148 +04 54 18.34    
11 11 56.954 +33 50 47.90    
10 28 08.825 +54 18 57.21    
12 21 47.100 +55 49 17.56    
12 36 41.47 +62 12 13.9      
12 33 38.397 +00 19 58.92    
13 19 49.293 +07 01 16.85    
12 02 12.675 +59 08 22.41    
14 48 44.9048 +08 53 46.544  
13 44 38.225 +03 17 48.24    
21 13 24.921 +11 38 53.48    
11 28 38.337 +19 19 07.50    
17 05 47.624 +59 16 08.58    
15 47 20.159 +13 01 11.31    
16 00 12.367 +33 16 08.70    
13 38 35.621 +63 19 58.65    
11 34 59.421 +19 27 31.23    
15 51 01.549 +45 25 08.62    
08 53 23.250 +31 37 39.89    
08 53 24.333 +31 38 08.00    
12 36 41.59 +62 12 16.9      
12 15 43.888 +02 05 26.83    
10 53 41.709 +24 34 57.78    
16 56 51.972 +36 12 17.80    
10 53 18.621 +40 23 39.97    
12 42 23.097 +38 53 25.67    
16 12 16.472 +31 02 03.36    
12 36 41.61 +62 12 05.2      
13 14 35.685 +08 27 39.41    
14 47 46.786 +30 03 00.37    
16 04 22.830 +27 26 04.38    
12 36 41.61 +62 12 04.5      
11 17 42.051 +44 50 58.84    
11 35 05.112 +57 44 00.68    
17 04 09.8 +51 47 11         
16 27 10.208 +13 03 39.54    
12 41 04.651 +14 33 08.38    
10 49 37.932 +22 32 23.04    
10 05 04.382 +14 04 26.87    
10 39 39.421 +39 28 17.06    
12 36 41.64 +62 12 16.2      
10 21 53.615 +14 05 53.93    
10 27 40.226 +14 28 20.31    
17 15 52.300 +30 16 57.78    
15 10 33.769 +04 00 02.52    
03 38 23.416 -35 39 53.32    
21 09 33.10 -08 45 29.8      
12 36 41.66 +62 12 05.5      
12 11 22.815 +07 07 35.01    
14 26 41.874 +64 59 53.42    
10 47 59.410 +15 15 52.93    
03 57 10.617 -00 41 25.97    
12 36 41.71 +62 12 19.2      
12 36 41.72 +62 12 18.9      
12 36 41.96 +62 12 21.6      
12 36 41.93 +62 12 05.3      
12 36 41.93 +62 12 05.3      
12 36 41.93 +62 12 05.3      
12 36 42.22 +62 12 03.2      
12 36 42.1697 +62 12 23.131  
12 36 42.21 +62 12 24.9      
12 36 42.3201 +62 12 01.364  
12 36 42.32 +62 12 19.6      
12 36 42.366 +62 12 13.86    
03 36 27.74 -35 14 13.9      
12 36 42.473 +62 12 01.17    
12 36 42.571 +62 12 11.40    
12 36 42.611 +62 12 25.31    
12 36 42.697 +62 12 04.08    
12 36 42.6558 +62 12 20.929  
12 36 42.66 +62 12 18.0      
12 36 42.68 +62 12 20.1      
12 36 42.70 +62 12 20.4      
03 41 32.855 -35 11 37.30    
12 36 42.75 +62 12 01.0      
09 27 03.19 +30 16 22.7      
12 36 42.79 +62 12 04.0      
12 36 42.79 +62 12 30.2      
12 36 42.88 +62 12 00.0      
12 36 42.9154 +62 12 03.452  
03 39 43.56 -35 26 59.5      
12 36 42.8802 +62 12 27.868  
12 36 42.91 +62 12 22.9      
00 00 11.99 +01 07 18.3      
12 36 42.91 +62 12 20.0      
12 36 42.9879 +62 12 11.402  
12 36 43.08 +62 12 30.9      
12 36 43.11 +62 12 07.3      
00 00 13.20 +14 35 30.2      
12 36 43.10 +62 12 31.1      
12 36 43.1422 +62 12 28.440  
12 36 43.12 +62 12 00.8      
12 36 43.2014 +62 12 19.170  
12 36 43.19 +62 12 26.9      
12 36 43.3128 +62 12 18.314  
12 36 43.32 +62 12 33.6      
12 36 43.347 +62 12 15.93    
12 36 43.40 +62 12 01.0      
12 36 43.43 +62 12 28.2      
22 12 58.525 +01 46 12.34    
22 12 43.491 +01 47 59.33    
22 13 48.920 +02 18 48.97    
12 36 43.45 +62 12 27.8      
22 15 00.149 +02 33 17.32    
22 14 51.6 +02 44 08         
12 00 34.973 +20 04 30.77    
12 36 43.69 +62 11 57.0      
12 36 43.7040 +62 12 15.589  
12 36 43.704 +62 12 10.97    
12 36 43.71 +62 12 31.7      
12 36 43.75 +62 12 25.3      
12 36 43.8044 +62 12 32.062  
12 36 43.806 +62 12 22.44    
12 36 43.83 +62 12 29.7      
12 36 43.86 +62 12 25.1      
12 36 43.90 +62 12 02.2      
12 36 44.01 +62 12 36.5      
12 36 44.02 +62 12 09.3      
12 36 44.01 +62 12 09.4      
12 36 44.06 +62 12 26.9      
12 36 44.04 +62 12 23.0      
12 36 44.06 +62 12 12.4      
12 36 44.09 +62 12 23.5      
12 36 44.09 +62 12 23.3      
12 36 44.24 +62 12 20.0      
12 36 44.34 +62 12 03.3      
12 36 44.35 +62 12 14.2      
12 36 44.44 +62 12 17.1      
12 36 44.48 +62 12 26.3      
12 36 44.4975 +62 11 53.312  
12 36 44.496 +62 12 30.49    
12 36 44.61 +62 12 36.5      
12 36 44.578 +62 12 15.55    
12 36 44.571 +62 12 09.62    
12 36 44.57 +62 12 35.4      
12 36 44.62 +62 11 48.8      
12 36 44.68 +62 12 34.1      
12 36 44.61 +62 12 43.5      
12 36 44.71 +62 11 53.3      
12 36 44.71 +62 12 24.2      
12 36 44.7472 +62 11 54.501  
12 36 44.76 +62 11 55.2      
12 36 44.80 +62 12 43.0      
12 36 44.77 +62 12 29.3      
12 36 44.9213 +62 12 19.367  
12 36 44.89 +62 11 50.3      
12 36 44.925 +62 12 42.61    
12 36 44.9449 +62 12 26.691  
12 36 44.94 +62 12 44.4      
12 36 45.07 +62 12 22.1      
12 36 44.96 +62 11 48.8      
12 36 45.028 +62 11 49.38    
12 36 45.04 +62 12 03.0      
12 36 45.0478 +62 11 58.082  
12 36 45.12 +62 12 37.1      
12 36 45.132 +62 11 50.33    
12 36 45.1645 +62 12 05.203  
12 36 45.1748 +62 12 44.515  
12 36 45.275 +62 12 12.35    
00 00 32.40 +14 34 54.6      
12 36 45.264 +62 12 25.70    
12 36 45.269 +62 11 45.40    
12 36 45.307 +62 12 38.62    
12 36 45.3323 +62 12 03.586  
12 36 45.349 +62 12 26.78    
12 36 45.3679 +62 12 33.779  
12 36 45.36 +62 11 53.9      
12 36 45.33 +62 11 53.9      
12 36 45.34 +62 11 53.9      
12 36 45.0615 +62 11 54.231  
12 36 45.368 +62 12 30.99    
12 36 45.37 +62 12 25.8      
12 36 45.38 +62 12 01.7      
12 36 45.42 +62 12 07.8      
12 36 45.42 +62 12 28.3      
12 36 45.4217 +62 11 48.978  
12 36 45.438 +62 12 39.63    
12 36 45.45 +62 12 02.0      
12 36 45.47 +62 11 43.5      
12 36 45.47 +62 12 35.0      
12 36 45.50 +62 12 16.6      
12 36 45.497 +62 12 02.09    
23 12 33.2 +18 22 29         
12 36 45.511 +62 12 34.60    
12 36 45.51 +62 12 41.8      
12 36 45.54 +62 12 39.6      
12 36 45.55 +62 12 36.6      
12 36 45.565 +62 12 33.56    
12 36 45.57 +62 12 36.2      
12 36 45.59 +62 12 40.3      
12 36 45.59 +62 11 44.0      
12 36 45.6529 +62 12 24.872  
12 36 45.63 +62 12 41.1      
12 36 45.6540 +62 11 43.051  
12 36 45.6638 +62 12 41.972  
12 36 45.66 +62 11 44.3      
12 36 45.68 +62 12 26.4      
12 36 45.72 +62 12 27.2      
12 36 45.74 +62 12 35.9      
12 36 45.7416 +62 11 57.350  
12 36 45.75 +62 12 42.5      
12 36 45.76 +62 11 59.2      
12 36 45.78 +62 12 13.7      
12 36 45.792 +62 12 22.57    
12 36 45.7982 +62 11 50.600  
12 36 45.81 +62 12 42.1      
12 36 45.82 +62 12 38.6      
12 36 45.83 +62 11 56.3      
12 36 45.84 +62 12 37.2      
00 00 43.55 +14 31 29.5      
12 36 45.85 +62 11 42.1      
00 00 43.73 -10 25 21.4      
12 36 45.88 +62 12 38.0      
12 36 45.92 +62 12 28.5      
12 36 45.9600 +62 12 38.421  
12 36 45.947 +62 12 31.52    
12 36 45.9596 +62 11 49.596  
12 36 46.01 +62 12 17.7      
12 36 46.039 +62 12 23.83    
12 36 46.05 +62 12 27.4      
12 36 46.09 +62 12 26.7      
12 36 46.09 +62 12 37.8      
12 36 46.15 +62 12 27.3      
12 36 46.17 +62 12 36.8      
12 36 46.19 +62 11 41.9      
12 36 46.19 +62 11 41.9      
12 36 46.1593 +62 11 45.002  
12 36 46.216 +62 12 35.25    
12 36 46.19 +62 11 55.2      
12 36 46.21 +62 12 28.8      
12 36 46.270 +62 12 28.51    
12 36 46.23 +62 12 29.1      
12 36 46.2772 +62 12 33.463  
12 36 46.269 +62 12 22.85    
12 36 46.2714 +62 11 59.796  
12 36 46.31 +62 12 39.6      
12 36 46.33 +62 12 29.9      
12 36 46.3744 +62 12 24.821  
12 36 46.388 +62 12 15.86    
12 36 46.414 +62 12 04.53    
12 36 46.417 +62 11 46.45    
12 36 46.49 +62 12 27.9      
12 36 46.5383 +62 11 45.570  
12 36 46.585 +62 12 15.54    
12 36 46.60 +62 12 37.0      
12 36 46.59 +62 12 01.8      
12 36 46.664 +62 12 00.85    
12 36 46.70 +62 11 44.9      
12 36 46.71 +62 11 45.2      
12 36 46.7376 +62 12 16.278  
12 36 46.7453 +62 12 17.729  
12 36 46.78 +62 12 34.1      
12 36 46.789 +62 11 53.61    
12 36 46.82 +62 12 09.4      
12 36 46.84 +62 12 35.2      
12 36 46.999 +62 12 23.10    
12 36 47.016 +62 12 05.42    
12 36 46.9765 +62 11 56.204  
12 36 47.03 +62 12 26.8      
12 36 47.210 +62 12 08.63    
12 36 47.223 +62 11 58.98    
12 36 47.2921 +62 12 31.108  
12 36 47.28 +62 12 30.8      
00 00 58.63 +14 32 40.7      
12 36 47.393 +62 12 15.96    
12 36 47.407 +62 12 00.61    
12 36 47.4466 +62 12 08.426  
12 36 47.47 +62 11 59.8      
12 36 47.5012 +62 12 11.333  
12 36 47.505 +62 12 14.11    
12 36 47.5624 +62 11 53.030  
12 36 47.62 +62 12 32.6      
12 36 47.64 +62 12 32.4      
12 36 47.67 +62 12 09.0      
12 36 47.67 +62 12 22.1      
12 36 47.668 +62 12 08.24    
12 36 47.69 +62 12 19.3      
12 36 47.74 +62 12 09.3      
12 36 47.83 +62 12 13.6      
12 36 47.85 +62 12 13.0      
12 36 47.8798 +62 12 05.453  
00 01 03.600 +14 34 48.66    
12 36 48.01 +62 12 26.2      
12 36 48.10 +62 12 23.7      
12 36 48.14 +62 12 08.4      
12 36 48.06 +62 12 22.4      
12 36 48.21 +62 12 22.3      
12 36 48.25 +62 12 27.7      
12 36 48.313 +62 12 22.80    
12 36 48.357 +62 12 17.27    
12 36 48.410 +62 12 09.00    
12 36 48.428 +62 12 26.96    
12 36 48.42 +62 12 14.8      
12 36 48.25 +62 12 13.8      
12 36 48.64 +62 12 15.7      
12 36 48.63 +62 12 15.9      
12 36 48.6365 +62 12 16.145  
12 36 48.50 +62 12 08.4      
12 36 48.5859 +62 12 26.805  
12 36 48.5836 +62 12 03.985  
12 36 48.6308 +62 12 07.866  
12 36 48.67 +62 12 26.2      
12 36 48.7584 +62 12 19.134  
12 36 48.468 +62 12 12.92    
12 36 48.875 +62 12 20.20    
12 36 48.90 +62 12 08.7      
12 36 48.927 +62 12 16.70    
12 36 48.94 +62 12 08.1      
12 36 48.979 +62 12 08.06    
12 36 49.278 +62 12 20.05    
12 36 49.30 +62 12 10.5      
12 36 49.3348 +62 12 14.437  
12 36 49.463 +62 12 22.51    
12 36 49.504 +62 12 12.05    
12 36 49.58 +62 12 20.0      
12 36 49.60 +62 12 14.0      
12 36 49.94 +62 12 16.0      
12 36 49.97 +62 12 16.7      
12 36 50.15 +62 12 17.4      
12 36 50.17 +62 12 17.0      
12 36 50.17 +62 12 17.0      
12 36 50.03 +62 12 16.3      
12 36 50.26 +62 12 18.0      
