12.4393 12.7166
12.4407 12.7775
12.4406 12.6528
12.437 12.7168
12.4355 12.608
12.4536 12.6939
12.4536 12.6906
12.4537 12.6916
12.4537 12.6906
12.4387 12.8919
12.4544 12.665
12.4292 12.7878
12.4288 12.6743
12.4468 12.9187
12.4444 12.5136
12.4501 12.9114
12.4267 12.725
12.4564 12.8158
12.4267 12.725
12.4566 12.8146
12.4569 12.816
12.4569 12.8177
12.4274 12.8237
12.4572 12.6245
12.4498 12.5061
12.4401 12.9653
12.4517 12.928
12.4558 12.5748
12.4486 12.9563
12.4412 12.9758
12.4363 12.4816
12.4547 12.5355
12.4384 12.4664
12.425 12.6
12.4465 12.9983
12.4232 12.6752
12.4617 12.7868
12.4368 12.4413
12.4364 12.4399
12.4365 12.439
12.4221 12.7717
12.4366 12.4341
12.4231 12.8466
12.4223 12.8144
12.44 12.4169
12.422 12.8071
12.4608 12.5728
12.4218 12.8139
12.4215 12.8088
12.4602 12.9008
12.4217 12.6233
12.4494 12.4217
12.4621 12.8603
12.4253 12.934
12.4468 12.4001
12.4586 12.9517
12.4641 12.8197
12.4198 12.792
12.4623 12.5575
12.436 12.3952
12.4638 12.8769
12.4299 12.4219
12.4651 12.6044
12.465 12.5909
12.4616 12.4877
12.4331 12.3775
12.417 12.815
12.4162 12.7708
12.4638 12.4997
12.4278 13.0488
12.4385 12.3361
12.4618 12.9933
12.4262 12.4069
12.4683 12.8376
12.4155 12.6178
12.44 13.1333
12.4555 13.087
12.4683 12.5632
12.4644 12.4549
12.4454 12.2956
12.4459 12.2937
12.4218 12.4096
12.4126 12.7759
12.4667 12.9849
12.4397 12.2806
12.4546 13.1308
12.4452 13.1673
12.4722 12.8162
12.471 12.5603
12.4323 13.1572
12.4726 12.6103
12.471 12.5357
12.4727 12.607
12.4734 12.6394
12.453 13.1603
12.4533 13.1588
12.4533 13.1596
12.4457 13.1877
12.4109 12.815
12.4533 13.1623
12.4245 12.3343
12.4634 13.0754
12.4103 12.6747
12.4134 12.9298
12.4205 13.0721
12.4236 13.1095
12.4648 12.3832
12.4488 12.2592
12.4266 12.3083
12.4352 12.2564
12.4092 12.645
12.4685 12.4101
12.4115 12.5111
12.4689 12.4023
12.4091 12.5691
12.4582 12.2667
12.4705 12.4193
12.4706 12.4182
12.4706 12.418
12.4223 13.1485
12.4705 12.4111
12.4705 12.4098
12.4337 13.2274
12.4552 13.2118
12.4535 13.2209
12.4583 12.2519
12.4302 12.2259
12.4358 13.2438
12.4684 12.3563
12.4357 13.2454
12.4063 12.6501
12.4358 13.2485
12.4061 12.6492
12.436 13.25
12.4607 12.2617
12.4664 13.1253
12.406 12.6496
12.4555 12.2211
12.4058 12.6457
12.4518 13.2443
12.406 12.6098
12.4463 13.2665
12.4341 12.1885
12.4584 12.2286
12.4471 12.1786
12.4342 12.1861
12.4338 12.1868
12.4046 12.7447
12.4339 12.1845
12.434 12.183
12.4502 12.1808
12.45 12.1792
12.4502 12.1789
12.45 12.178
12.4501 12.1751
12.4109 12.401
12.4152 12.325
12.477 12.4793
12.4805 12.7963
12.4401 12.1517
12.4811 12.7976
12.4075 12.4584
12.403 12.7876
12.4777 12.978
12.4033 12.6239
12.4753 13.0436
12.4509 13.2899
12.4231 12.2144
12.4765 13.0188
12.4767 13.0151
12.4394 13.3058
12.4768 13.0176
12.4716 13.1247
12.477 13.0168
12.4769 13.0202
12.4692 12.2878
12.477 13.0218
12.459 13.2669
12.4592 13.2654
12.4827 12.6582
12.459 13.268
12.4593 13.2673
12.4559 13.289
12.4559 13.2894
12.4557 13.2905
12.4789 12.4545
12.4088 12.3697
12.4557 13.2957
12.4116 12.309
12.4663 12.223
12.4681 12.2411
12.4845 12.7081
12.4395 12.1058
12.4376 13.3412
12.4842 12.6232
12.4541 12.1256
12.4567 12.1331
12.437 12.0997
12.3994 12.6836
12.4826 12.9429
12.4531 12.1133
12.4853 12.7021
12.4816 12.9808
12.4444 12.0928
12.4119 13.1822
12.4856 12.6499
12.4367 12.0872
12.3984 12.769
12.4863 12.7178
12.4825 12.9903
12.3981 12.7704
12.4835 12.9596
12.3988 12.8556
12.398 12.7712
12.4621 13.3048
12.4399 13.3735
12.4085 13.1522
12.4495 13.3698
12.4826 13.0182
12.4867 12.6087
12.4285 13.3525
12.467 13.2799
12.413 12.215
12.4797 13.1008
12.4099 12.2571
12.4877 12.7565
12.4055 12.327
12.4282 13.3628
12.4463 13.3933
12.4837 13.0156
12.4826 13.0569
12.4859 12.4963
12.4348 12.0522
12.4348 12.0493
12.4347 12.0492
12.4348 12.0485
12.4562 12.0687
12.4893 12.7837
12.4039 12.3122
12.4548 12.048
12.4901 12.7324
12.4559 12.0523
12.4837 12.3717
12.4772 12.2438
12.4902 12.7306
12.4105 13.2504
12.4903 12.7361
12.4531 12.0381
12.4904 12.7326
12.4543 13.4131
12.394 12.6278
12.4831 12.335
12.4809 13.16
12.4569 13.4065
12.4501 12.0153
12.4145 12.1264
12.4915 12.6516
12.491 12.5951
12.4277 13.4205
12.4512 12.0035
12.4501 13.446
12.439 13.4538
12.4016 12.2956
12.4632 12.0563
12.4893 12.4677
12.4634 12.0552
12.463 12.0506
12.4633 12.0519
12.3931 12.898
12.4512 13.4559
12.492 12.57
12.4025 13.19
12.4816 13.1975
12.4933 12.752
12.4612 13.4228
12.4064 12.181
12.4838 12.2728
12.3957 12.3925
12.464 13.4126
12.4024 12.2355
12.4653 13.4067
12.3903 12.7992
12.4949 12.741
12.3934 12.4358
12.3932 13.0042
12.3938 12.4213
12.3933 12.4364
12.4948 12.6646
12.4722 13.3601
12.3944 13.0536
12.4705 12.0672
12.3932 12.4289
12.393 12.4269
12.4953 12.6552
12.3956 13.1092
12.3925 13.0165
12.4846 12.2347
12.4162 13.4152
12.4634 11.9956
12.4959 12.8503
12.4622 11.9824
12.4231 13.4709
12.4776 13.3344
12.3877 12.7757
12.4949 12.4993
12.4176 13.4418
12.4974 12.6603
12.4621 11.968
12.4966 12.5716
12.4975 12.6627
12.4946 12.4578
12.3949 13.1455
12.4976 12.6725
12.3927 13.0877
12.4962 12.5342
12.4575 11.9426
12.3954 13.1597
12.3973 13.2028
12.3925 13.0894
12.4441 11.9081
12.3869 12.8178
12.4748 12.0617
12.3924 13.0902
12.498 12.664
12.4129 13.42
12.3922 13.091
12.4979 12.6272
12.4381 13.5405
12.4734 12.0415
12.4166 11.9937
12.4379 13.5418
12.4895 12.2794
12.4378 13.5444
12.4375 13.544
12.4898 12.2803
12.4983 12.6217
12.4896 12.2726
12.4898 12.2702
12.4019 13.3081
12.4079 13.3852
12.4439 11.8918
12.4529 13.5406
12.3866 12.8999
12.3935 13.1547
12.4247 13.5168
12.3852 12.7246
12.3852 12.7234
12.3851 12.7258
12.4112 12.0211
12.3849 12.7239
12.3894 13.0517
12.3878 12.9954
12.3878 12.9963
12.4992 12.6008
12.461 13.52
12.4206 13.5047
12.3878 13.0019
12.3874 12.9943
12.4147 13.4688
12.4027 12.1036
12.4489 11.8797
12.4274 13.5472
12.4668 11.9498
12.5005 12.7075
12.385 12.8992
12.4989 12.9426
12.4943 13.1197
12.3847 12.5611
12.4686 11.9552
12.5007 12.6094
12.4688 11.9516
12.4964 13.0762
12.4949 12.3231
12.4736 11.9845
12.383 12.7975
12.4782 12.0306
12.5017 12.6885
12.5017 12.665
12.4696 11.949
12.414 11.9544
12.4958 13.114
12.467 13.521
12.4927 13.196
12.3888 13.1198
12.4945 12.2953
12.4137 13.4984
12.4154 11.9329
12.5021 12.6086
12.3967 13.3056
12.4797 12.0284
12.4797 12.026
12.4788 13.4331
12.4794 12.0222
12.5012 12.5099
12.4798 12.0239
12.5027 12.6268
12.3941 13.2678
12.4932 13.211
12.4749 11.972
12.4573 13.5881
12.4763 11.9822
12.4737 13.4896
12.4919 12.2025
12.4333 11.8361
12.5015 12.485
12.3925 12.1932
12.4891 13.3128
12.3823 12.9442
12.4831 12.0418
12.4791 11.9936
12.4688 13.5441
12.3801 12.6965
12.4117 13.5172
12.4752 11.948
12.4869 12.0844
12.4722 13.5281
12.3795 12.7409
12.3832 12.4047
12.38 12.5846
12.4991 12.3254
12.457 13.6223
12.5017 12.4098
12.4231 11.8409
12.4711 11.8979
12.492 12.1483
12.5008 13.0853
12.483 13.4403
12.4885 12.082
12.4761 11.9317
12.468 13.5781
12.5003 13.1181
12.4748 11.9174
12.4746 11.9142
12.5022 12.3889
12.5017 12.3667
12.4704 13.5705
12.4748 11.9099
12.4943 13.2811
12.5015 13.0976
12.3914 12.1426
12.475 11.9091
12.4949 13.2725
12.3911 12.1451
12.3911 12.143
12.3816 12.389
12.4557 13.6517
12.3912 12.1383
12.3912 12.1373
12.3843 12.2941
12.3841 12.2982
12.468 13.5976
12.4036 11.9559
12.3839 12.2981
12.3838 12.2985
12.3815 13.0789
12.465 11.826
12.3839 12.291
12.5064 12.5302
12.3886 13.2748
12.4929 13.3326
12.4975 13.2408
12.4466 13.6802
12.4929 13.3338
12.4584 13.6542
12.4453 13.6829
12.5056 12.465
12.4472 11.7628
12.4164 11.8366
12.468 13.612
12.493 12.1075
12.508 12.6396
12.499 13.2201
12.4827 11.9557
12.3893 12.1403
12.5083 12.6395
12.5085 12.6711
12.4167 11.8278
12.4608 11.7911
12.4156 11.8321
12.376 12.6326
12.3867 12.1872
12.4716 11.8479
12.3823 12.2923
12.3823 12.2943
12.3823 12.293
12.5085 12.8671
12.4884 12.0142
12.5087 12.8657
12.3981 13.4656
12.5095 12.7535
12.3755 12.5975
12.5096 12.7541
12.5089 12.8642
12.4006 11.9481
12.509 12.8661
12.4257 11.7653
12.5061 12.4007
12.504 12.3252
12.3791 13.0763
12.5041 12.3236
12.5053 12.365
12.4158 11.8109
12.5041 12.3187
12.4137 11.8241
12.5072 12.4392
12.5042 12.3211
12.5088 12.9121
12.3749 12.608
12.4173 11.7993
12.3803 13.131
12.5091 12.9046
12.3802 13.134
12.5091 12.9126
12.3803 13.1378
12.3801 13.1332
12.3871 13.3112
12.417 11.7962
12.4832 11.9232
12.5059 13.0906
12.4995 13.2724
12.4544 13.709
12.4173 11.7911
12.417 11.7928
12.4225 13.6836
12.4949 12.0804
12.4262 13.701
12.3818 12.245
12.4953 12.0846
12.5093 12.4984
12.3841 12.1867
12.4952 12.0814
12.4953 12.0784
12.4989 13.3031
12.5075 12.392
12.5008 13.2645
12.5112 12.6216
12.4567 13.7167
12.4406 13.7385
12.5088 12.4341
12.4582 11.7346
12.4954 13.38
12.3829 13.2564
12.5087 12.4236
12.5046 13.1799
12.3786 12.3101
12.3786 12.3085
12.3786 12.3068
12.4467 11.7045
12.5046 12.2658
12.5047 13.1813
12.5047 13.1824
12.4349 13.74
12.3784 12.3079
12.5048 13.183
12.3802 12.2492
12.4434 11.6986
12.4 11.9063
12.5074 12.3457
12.3752 13.0266
12.3994 13.5378
12.4629 11.7413
12.3721 12.7736
12.4001 11.9015
12.4084 13.6258
12.3998 11.9034
12.375 13.0268
12.4055 11.8462
12.3996 11.905
12.3778 13.141
12.3749 13.0287
12.5089 12.3854
12.3748 13.0311
12.4394 13.7571
12.5119 12.5392
12.5085 13.0942
12.4194 13.7062
12.3813 13.26
12.3721 12.5531
12.4445 13.7647
12.3738 12.4378
12.5095 12.3796
12.5133 12.65
12.398 13.5421
12.402 13.5871
12.4556 11.6955
12.4585 11.7026
12.4104 11.7836
12.4707 13.6875
12.4937 11.9931
12.4571 13.7508
12.5134 12.5864
12.494 11.996
12.5137 12.6217
12.4846 13.5731
12.462 11.7122
12.5011 12.1205
12.5132 12.5505
12.4939 11.9908
12.3906 13.4585
12.4938 11.9884
12.3702 12.6968
12.5086 12.3116
12.4178 13.7161
12.4875 11.8955
12.3718 12.9745
12.4488 11.6668
12.4002 11.8596
12.4895 13.5325
12.3842 13.3638
12.3714 12.9739
12.3715 12.9796
12.5134 12.4947
12.4194 13.7367
12.5116 12.3948
12.5109 12.359
12.3711 12.971
12.3948 11.91
12.371 12.9702
12.4166 13.7269
12.4898 11.9067
12.4004 13.6058
12.4922 13.5105
12.3733 12.3512
12.3947 13.5463
12.5128 12.4171
12.37 12.9411
12.5044 13.3075
12.5128 12.4064
12.4686 13.7339
12.3952 11.8898
12.513 12.4062
12.3954 11.8843
12.3952 11.8872
12.5032 12.1083
12.4225 11.6781
12.5055 12.1568
12.3954 11.8826
12.5133 12.4084
12.3953 11.8816
12.4707 13.7286
12.4091 13.6986
12.5017 12.0699
12.5098 13.1891
12.5142 12.4366
12.4708 13.7324
12.3677 12.6686
12.4816 11.7956
12.471 13.7318
12.4709 13.7328
12.5137 12.4055
12.5149 12.4719
12.4227 11.6682
12.4887 11.8667
12.4429 13.8174
12.4219 11.6701
12.4851 13.6224
12.4225 11.6667
12.4382 11.6292
12.5139 12.4025
12.5126 12.3426
12.4898 13.5755
12.4239 11.6562
12.4178 13.7648
12.4236 11.6564
12.479 11.7614
12.5129 12.3382
12.5136 12.3654
12.4672 11.6806
12.3748 13.2257
12.412 11.7094
12.5151 12.4219
12.3747 13.2256
12.5151 12.4204
12.3744 13.2199
12.5152 12.4228
12.5174 12.5706
12.3666 12.6346
12.3744 13.2238
12.5153 12.4199
12.4035 13.6801
12.4759 11.725
12.5134 12.3311
12.5184 12.7008
12.3767 12.1578
12.5154 12.4111
12.5142 12.3554
12.4981 11.9623
12.5014 12.0164
12.5159 12.429
12.3824 13.4222
12.5117 12.2575
12.5177 12.5369
12.4993 13.4709
12.5127 12.2887
12.4807 13.6932
12.5144 12.3481
12.5041 13.3881
12.4708 11.6828
12.5044 12.0678
12.5129 12.2892
12.5013 13.4422
12.5069 13.3324
12.5191 12.765
12.5159 12.3944
12.445 11.5967
12.3656 12.8455
12.5152 12.3606
12.4811 13.699
12.5173 12.4638
12.481 13.6996
12.5013 13.4511
12.5149 12.3394
12.481 13.7036
12.5181 12.4941
12.4589 11.6152
12.5152 12.3396
12.4955 13.5533
12.52 12.6836
12.366 12.4967
12.4941 11.8758
12.505 12.0507
12.5052 12.0526
12.5052 12.0487
12.5053 12.0471
12.5052 12.0455
12.513 13.214
12.4652 13.8203
12.5146 12.2842
12.443 13.8705
12.515 12.2868
12.5087 13.3434
12.4918 11.8271
12.4646 11.6169
12.5088 13.3449
12.4357 13.8738
12.3766 13.3674
12.5089 13.348
12.5179 12.3892
12.5198 12.5003
12.5136 13.2238
12.5089 13.3495
12.4908 11.8094
12.388 13.5682
12.3633 12.8265
12.4213 11.6054
12.4213 11.6053
12.5217 12.75
12.4855 13.6997
12.5143 12.2361
12.5175 12.3529
12.3929 13.6392
12.5171 12.3235
12.464 13.8478
12.5166 12.3003
12.4222 11.5906
12.4808 11.6974
12.4565 13.8763
12.5058 13.4371
12.3725 13.3026
12.4805 11.6945
12.4808 11.6958
12.4806 11.6939
12.5161 12.2673
12.4797 11.685
12.4713 11.6286
12.4718 11.6304
12.5184 12.3469
12.4717 11.6274
12.4679 11.6067
12.4568 13.8827
12.5223 12.8663
12.457 13.8832
12.5073 12.0286
12.4716 11.6244
12.3671 13.1598
12.454 13.8944
12.3912 11.8057
12.3909 11.8066
12.3733 13.3489
12.398 13.7177
12.4997 13.5615
12.3911 11.8033
12.391 11.8026
12.468 13.8516
12.5086 13.4134
12.5 13.5624
12.4998 13.5652
12.3673 13.1892
12.3679 12.2433
12.5196 13.0973
12.5087 13.4134
12.3688 13.2397
12.5132 12.1403
12.5001 13.5639
12.5167 12.2387
12.5088 13.416
12.5089 13.4155
12.5179 13.1785
12.4571 13.9019
12.4569 13.9025
12.4571 13.9029
12.5069 13.4623
12.4978 11.8422
12.3683 12.2066
12.5199 13.1144
12.4982 11.8453
12.5174 12.2402
12.4978 11.8394
12.3682 12.2041
12.524 12.8579
12.3776 11.981
12.5176 12.2396
12.5241 12.8576
12.3681 12.2012
12.3682 12.1983
12.5241 12.8609
12.454 13.9169
12.366 12.2645
12.4242 11.5461
12.4782 11.6375
12.4979 11.8326
12.5243 12.8591
12.5202 13.1243
12.4432 13.9319
12.4244 11.5429
12.3659 12.2622
12.3658 12.2648
12.5033 11.9078
12.4239 11.5427
12.5241 12.9164
12.3629 13.0755
12.3657 12.2622
12.4788 11.6358
12.5113 12.0542
12.3655 12.2659
12.3593 12.7461
12.4591 11.535
12.4819 13.7908
12.4241 11.5373
12.5191 12.2619
12.5248 12.8758
12.5195 12.2744
12.5255 12.6918
12.522 12.3755
12.3696 12.1272
12.5195 12.267
12.5203 13.158
12.371 13.3617
12.3632 13.1213
12.5056 11.9219
12.5212 12.3126
12.3585 12.6542
12.5235 12.4238
12.5253 12.5401
12.4734 11.5786
12.3581 12.798
12.3686 12.1176
12.3624 12.3189
12.3576 12.7046
12.5155 13.3484
12.5264 12.5832
12.455 13.9501
12.3582 12.8998
12.4046 13.8372
12.3573 12.7131
12.4836 13.8097
12.5245 12.4178
12.4733 11.5667
12.4037 13.8336
12.4009 13.8119
12.4302 13.9558
12.4304 13.9564
12.5239 12.3752
12.4303 13.9582
12.3862 13.6649
12.3777 11.911
12.357 12.7212
12.5241 12.3748
12.4419 11.475
12.3569 12.7116
12.4041 13.8406
12.4303 13.9604
12.3653 13.2683
12.4983 13.6681
12.4691 13.9119
12.4499 11.4758
12.404 13.8454
12.5219 12.2625
12.5234 12.3229
12.4052 11.5919
12.5236 12.3285
12.45 11.473
12.3625 13.1932
12.5237 12.3255
12.45 11.4712
12.3625 13.1933
12.404 13.8497
12.4907 11.6839
12.4499 11.4694
12.4945 13.7257
12.5238 12.3213
12.5271 12.9462
12.3575 12.4999
12.3729 13.4747
12.4945 13.7276
12.5285 12.7245
12.495 13.7228
12.4877 11.6494
12.495 13.7259
12.4309 13.9774
12.5136 12.0118
12.3602 13.1299
12.5138 12.0117
12.5261 12.4085
12.5136 12.0074
12.3902 13.7383
12.5139 12.0089
12.4128 13.9188
12.4 13.8349
12.5111 11.9483
12.5112 11.9473
12.5189 13.3308
12.5112 11.9453
12.3641 13.2919
12.4696 13.9384
12.3868 11.7353
12.4924 13.7722
12.4699 13.9382
12.3651 13.3336
12.4698 13.9405
12.4698 13.9412
12.5222 12.1995
12.39 13.758
12.5017 13.673
12.4604 13.9831
12.4607 13.9835
12.5239 13.2085
12.5239 13.2099
12.506 13.615
12.524 13.2101
12.4603 13.9861
12.4603 13.9862
12.5266 12.3506
12.5242 13.2107
12.5156 13.4488
12.5105 11.9022
12.5052 13.6333
12.5306 12.6714
12.4782 11.5407
12.3683 13.4369
12.5307 12.6771
12.362 13.2754
12.5045 13.6471
12.5045 13.6473
12.5308 12.6695
12.5309 12.6753
12.3953 11.6229
12.5282 12.4039
12.5027 13.6773
12.5027 13.6773
12.3664 12.0484
12.5025 13.6804
12.4063 13.9136
12.5044 13.6557
12.5046 13.6545
12.382 11.7664
12.5294 12.4559
12.5292 12.4338
12.5033 13.6759
12.5033 13.676
12.5136 13.5089
12.5051 13.6518
12.5051 13.6519
12.531 12.583
12.5057 13.6441
12.5057 13.6441
12.5042 13.6662
12.3951 13.8336
12.3841 13.717
12.5053 13.6508
12.354 12.521
12.3837 13.7115
12.4314 11.4259
12.4311 11.4263
12.5211 12.1114
12.5049 13.6572
12.5049 13.6574
12.4925 13.8059
12.4876 13.8518
12.4315 11.4239
12.3839 13.7175
12.3835 13.7124
12.4314 11.4239
12.5056 13.6502
12.5056 13.6504
12.5181 12.0299
12.4095 13.9438
12.4314 11.4222
12.5037 11.7704
12.3879 13.7683
12.3943 13.8333
12.3878 13.7673
12.3879 13.7685
12.3877 13.7674
12.5219 13.3318
12.5271 12.2946
12.397 13.8597
12.3562 12.3485
12.5032 13.6913
12.5301 12.447
12.3524 12.7942
12.46 11.4333
12.3692 11.9559
12.4355 11.4094
12.4118 11.4823
12.3697 11.9383
12.4018 13.9058
12.4035 11.5294
12.4566 11.4172
12.4629 11.4351
12.4976 11.6779
12.4742 11.4825
12.5327 12.8249
12.3542 12.4072
12.3716 13.5583
12.3834 11.7122
12.3786 13.6739
12.5036 11.7433
12.4519 11.3983
12.5334 12.727
12.5099 13.6216
12.3898 11.632
12.5186 11.9922
12.3532 12.4161
12.5221 13.3825
12.5221 13.3814
12.5299 12.3262
12.53 12.3299
12.3755 11.8026
12.5224 13.3819
12.4457 11.3797
12.53 12.326
12.5224 13.3854
12.365 13.4601
12.3649 13.4589
12.5303 12.3258
12.3535 13.0934
12.3653 13.4694
12.3501 12.7258
12.4856 13.9163
12.5253 12.1367
12.5189 11.9708
12.3874 11.6373
12.5186 11.9625
12.4835 13.9344
12.4857 13.9185
12.3498 12.7768
12.4849 11.5222
12.5042 11.7178
12.3655 13.4844
12.486 13.9189
12.5179 11.9435
12.4857 13.9217
12.4263 14.0593
12.3754 13.6654
12.3506 12.5217
12.5281 13.2418
12.3495 12.776
12.3768 13.6886
12.3531 13.1111
12.5283 13.2394
12.535 12.635
12.3493 12.7714
12.3493 12.7731
12.5003 11.6614
12.5284 13.2426
12.4735 11.4413
12.35 12.9096
12.477 11.4603
12.5112 13.6409
12.4407 11.3602
12.5285 13.2446
12.4184 11.4051
12.5183 13.5163
12.5146 13.5872
12.5335 12.438
12.4224 11.3877
12.5321 12.3484
12.4717 14.0217
12.3488 12.7615
12.358 13.3214
12.4392 11.3555
12.4092 14.0047
12.5332 13.0506
12.3747 13.6734
12.3486 12.7664
12.4133 14.0275
12.5008 11.6531
12.3485 12.7612
12.3485 12.7645
12.3672 13.5506
12.5359 12.8389
12.4421 11.3479
12.5343 12.4403
12.442 11.3463
12.4243 11.3711
12.4423 11.3455
12.4423 11.3453
12.4421 11.3447
12.4733 11.4204
12.4085 14.0131
12.4344 11.3467
12.3773 11.7216
12.3774 11.72
12.5314 12.2664
12.375 11.754
12.3558 13.2848
12.3775 11.7175
12.4967 13.8566
12.4968 13.8552
12.504 13.7739
12.3773 11.7182
12.3879 11.5903
12.3728 13.6678
12.4968 13.8594
12.3985 11.4905
12.4506 14.1087
12.537 12.6164
12.4016 11.4658
12.3737 13.6911
12.5347 12.395
12.5012 11.6299
12.4532 11.3389
12.3506 12.3478
12.4748 11.4139
12.5355 12.4341
12.4435 11.3279
12.35 13.0853
12.4344 11.3279
12.3979 11.4813
12.3506 13.1405
12.3877 11.5706
12.5345 12.3419
12.4012 13.9939
12.3879 11.5672
12.5237 11.9822
12.3462 12.7578
12.523 11.9628
12.4825 11.4456
12.4538 14.1233
12.4157 14.0803
12.4329 14.1288
12.4328 14.1287
12.4174 14.0882
12.4329 14.1299
12.433 14.1302
12.4329 14.1314
12.5146 13.6655
12.5157 11.8033
12.3693 13.6567
12.4807 11.4239
12.4897 11.4888
12.5101 13.7362
12.5292 13.3508
12.5341 13.1792
12.3611 13.5019
12.3712 13.6945
12.4442 11.3008
12.3489 12.3258
12.367 13.6288
12.3476 13.0651
12.5051 11.6365
12.4659 11.3403
12.4851 14.0049
12.5328 13.2595
12.3691 11.7789
12.3542 13.3465
12.4459 11.2931
12.425 14.1333
12.5082 13.7855
12.5384 12.4401
12.4549 14.1467
12.4134 14.0975
12.4031 11.4051
12.4428 11.2848
12.5368 12.3325
12.5313 12.1141
12.3448 12.9393
12.3879 11.5228
12.4259 11.3017
12.3671 13.6594
12.5372 12.3393
12.4274 14.1507
12.3856 11.5408
12.3636 11.8519
12.3856 11.5408
12.5381 13.0789
12.4644 11.3143
12.3812 13.863
12.5274 11.99
12.5373 12.3269
12.4476 11.2776
12.3684 13.6912
12.3658 11.8044
12.4215 14.1411
12.3682 13.6884
12.4254 14.1526
12.5378 12.3389
12.4649 14.1369
12.3883 11.505
12.4648 14.1384
12.4996 11.5388
12.3937 11.4556
12.3434 12.8847
12.4651 14.1402
12.3579 11.9556
12.4647 14.1416
12.3682 13.6989
12.4869 14.0261
12.5067 11.6145
12.4138 11.3271
12.5086 13.8128
12.3749 13.8008
12.365 11.8028
12.368 13.6999
12.5226 11.8547
12.519 11.7862
12.3533 12.0548
12.5169 13.7029
12.3716 13.7644
12.5291 11.9916
12.539 12.3401
12.5424 12.804
12.5011 13.9138
12.5126 11.6779
12.5403 12.4127
12.3526 12.064
12.3665 13.6903
12.497 11.4933
12.5388 12.322
12.3729 13.7892
12.3664 13.6899
12.5292 11.9878
12.3575 11.9356
12.3796 13.8758
12.3726 13.787
12.4024 14.076
12.5293 11.9889
12.3525 12.06
12.402 14.0735
12.3491 13.286
12.3664 13.6944
12.5294 11.9904
12.3526 12.0538
12.3663 13.6941
12.3699 13.7531
12.4786 11.3471
12.4022 14.0788
12.4211 11.2792
12.5418 12.4792
12.4019 14.0809
12.4821 11.3633
12.3867 13.9622
12.4158 14.1547
12.5305 13.457
12.3732 13.8117
12.5033 13.9107
12.5124 13.7994
12.3408 12.7973
12.4234 14.1851
12.4232 14.1849
12.3504 13.365
12.5326 13.4109
12.5404 12.3325
12.4231 14.187
12.471 14.1542
12.4233 14.1888
12.346 12.2347
12.4906 14.0383
12.5386 12.2367
12.371 11.6573
12.384 13.9517
12.4939 14.0156
12.3407 12.5476
12.4136 14.1607
12.5445 12.773
12.4134 14.1602
12.478 11.3205
12.3406 12.547
12.5446 12.7693
12.372 13.8155
12.3479 12.1424
12.3405 12.546
12.4783 11.3203
12.3773 11.5649
12.3974 14.0728
12.3449 12.2564
12.4569 11.2383
12.3404 12.5517
12.4781 11.318
12.5448 12.7734
12.478 11.3171
12.4133 14.1644
12.5439 12.9363
12.3396 12.7016
12.4131 14.1661
12.5452 12.769
12.4502 11.2206
12.5366 13.3337
12.3658 13.7381
12.4866 11.3619
12.363 13.6961
12.4984 11.4553
12.5434 12.4114
12.3774 13.9058
12.5343 13.4213
12.4941 11.4133
12.341 13.0547
12.3772 13.9069
12.3774 13.9104
12.3696 11.6418
12.3957 14.0814
12.3755 13.8885
12.3493 13.4043
12.5345 13.4273
12.3778 13.9184
12.4523 14.2389
12.5348 13.425
12.3774 13.9168
12.3421 13.1428
12.4291 14.2357
12.3774 11.5306
12.4746 11.2736
12.4293 14.237
12.429 14.2368
12.3772 13.9178
12.535 13.4261
12.53 11.9006
12.5465 12.6624
12.3449 13.2794
12.5435 12.3492
12.4291 14.2401
12.5254 13.6544
12.3726 11.5836
12.5408 13.2427
12.3415 13.1456
12.3409 12.3369
12.544 12.3537
12.3383 12.95
12.4623 11.2146
12.4201 11.2187
12.5168 13.8122
12.3374 12.8652
12.4941 11.3831
12.4926 11.3697
12.3369 12.674
12.3579 13.6534
12.4333 11.1833
12.5103 13.9078
12.3366 12.7537
12.4724 11.2419
12.3791 13.9654
12.5374 12.0515
12.3391 13.0716
12.5145 13.8584
12.4964 11.3923
12.3395 12.3489
12.3667 11.6358
12.3827 14.0103
12.5273 13.6564
12.4962 11.3866
12.4739 11.2403
12.3823 14.0085
12.5092 11.5186
12.4032 14.17
12.5373 12.0331
12.5049 11.4689
12.3557 11.824
12.3534 13.5807
12.529 11.825
12.5081 13.9478
12.359 13.6958
12.3824 14.0129
12.5291 11.8256
12.3485 13.4658
12.5238 11.7199
12.5291 11.8203
12.5292 11.8224
12.3823 14.017
12.4295 14.2749
12.5246 11.7314
12.5348 11.9456
12.3616 13.753
12.5407 12.1159
12.3984 14.1514
12.4973 11.3824
12.4976 14.0665
12.4301 14.2803
12.3705 11.5608
12.43 14.2811
12.3526 13.587
12.4975 11.3801
12.3527 13.5888
12.3524 13.5853
12.3433 13.3394
12.4293 14.2837
12.348 13.4841
12.3524 13.5904
12.388 11.3666
12.3498 11.923
12.3797 11.4451
12.3982 14.1611
12.539 12.0348
12.3432 13.3469
12.356 11.7808
12.3428 13.3429
12.3427 13.3416
12.4307 14.2954
12.4978 11.3676
12.43 11.1502
12.4308 14.2978
12.431 14.299
12.4254 11.1584
12.4311 14.3004
12.5477 12.3591
12.5474 12.3413
12.3342 12.5819
12.3357 12.4228
12.3646 13.8408
12.3336 12.66
12.5209 13.8292
12.5512 12.6589
12.5482 12.3523
12.4534 11.1357
12.4434 11.1261
12.3335 12.5753
12.3462 13.4908
12.4687 11.1694
12.3806 11.3995
12.5177 11.5636
12.4543 14.3178
12.5488 12.3521
12.4619 11.1444
12.3351 12.3811
12.5307 13.6807
12.5442 13.3296
12.3685 11.5322
12.5192 11.5756
12.3596 11.6616
12.3443 11.9907
12.3444 11.9878
12.4602 14.314
12.4599 14.3149
12.3518 11.8064
12.46 14.3158
12.494 11.299
12.3897 14.144
12.551 13.0029
12.46 14.3186
12.5511 13.0018
12.5513 13.0006
12.3893 14.146
12.5399 11.9653
12.3896 14.1484
12.3787 14.0501
12.4597 14.3222
12.4604 11.1261
12.5514 13.0048
12.3892 14.1477
12.3439 11.9821
12.4224 14.32
12.3784 14.0522
12.4972 11.3142
12.5507 12.3777
12.5023 11.3568
12.3779 14.0509
12.3782 14.054
12.3437 11.9747
12.3922 11.2709
12.4672 11.1372
12.35 11.8167
12.5518 12.4332
12.3654 13.9061
12.5252 11.6367
12.444 14.3569
12.4799 11.1855
12.4176 11.1292
12.3392 13.36
12.3461 11.8944
12.4802 11.1857
12.4805 11.1869
12.3304 12.7189
12.4802 11.184
12.4274 14.3471
12.3323 12.4126
12.4605 11.1061
12.4437 14.3632
12.4607 11.1056
12.5477 13.2862
12.4271 14.3497
12.5286 11.6793
12.4284 11.0944
12.4273 14.3518
12.4609 11.1026
12.5486 13.2593
12.5517 12.3575
12.5491 13.2387
12.427 14.3527
12.3298 12.7216
12.3412 12.0033
12.5488 13.2601
12.4606 11.0979
12.3513 11.7546
12.4609 11.0985
12.4651 11.1096
12.549 13.2578
12.3298 12.6186
12.465 11.1081
12.4652 11.1082
12.5491 13.2572
12.4653 11.1077
12.3296 12.8314
12.3331 13.1547
12.5253 11.6044
12.5002 11.3038
12.5488 12.173
12.3797 11.3447
12.4721 11.1262
12.5516 13.1609
12.5254 11.5996
12.5533 12.3992
12.5553 12.5927
12.3914 11.2407
12.4123 14.3246
12.5256 11.5999
12.5526 12.3377
12.4221 14.36
12.347 13.6353
12.5556 12.5967
12.4141 14.3367
12.5271 11.6161
12.3469 13.6366
12.5561 12.7322
12.3286 12.8128
12.3572 11.6189
12.3316 12.3343
12.5557 12.5892
12.4221 14.3642
12.3467 13.6366
12.3419 13.5192
12.3468 13.6412
12.5386 13.6203
12.3687 14.0028
12.556 12.5946
12.5542 12.3955
12.5439 11.9631
12.3327 13.2156
12.3326 13.2079
12.4781 11.1325
12.4907 14.243
12.5048 14.1294
12.5049 11.3206
12.3324 13.2101
12.4924 11.2155
12.3325 13.2187
12.372 11.3968
12.3574 11.5939
12.3773 11.339
12.4962 14.2091
12.3315 13.1815
12.4023 11.1459
12.5508 12.1689
12.5216 13.9472
12.3722 11.3879
12.3717 11.3932
12.4235 11.06
12.5296 11.6257
12.3718 11.39
12.5366 11.7537
12.3312 13.1917
12.5574 12.5872
12.5057 14.1402
12.5114 14.0855
12.555 12.3325
12.3618 11.5033
12.4207 14.3917
12.5013 14.1879
12.3578 11.5592
12.3517 13.7931
12.5495 12.0676
12.3614 11.5023
12.5518 13.3031
12.3581 11.55
12.3622 13.963
12.42 14.3989
12.3452 13.6742
12.3614 11.4958
12.5577 12.4831
12.3277 12.3917
12.3574 11.5504
12.3578 11.5439
12.5433 13.5883
12.5557 12.308
12.5402 11.7879
12.4412 14.4381
12.3435 13.6535
12.329 12.2826
12.5517 12.1095
12.3566 11.5529
12.3768 11.2975
12.3515 11.6339
12.3515 11.6342
12.4283 14.4328
12.4458 11.0022
12.3514 11.6312
12.5571 12.3432
12.3511 11.6306
12.3412 13.6223
12.5201 14.0316
12.363 14.0146
12.4775 11.0666
12.3245 12.9427
12.4777 11.0663
12.4774 11.0646
12.4574 10.9985
12.5612 12.7371
12.445 10.9833
12.5261 11.4897
12.3899 14.2888
12.3517 11.5953
12.4214 11.0072
12.3234 12.8531
12.3943 11.1261
12.5123 14.1384
12.4822 14.3697
12.3236 12.5417
12.5529 12.0668
12.505 14.2135
12.5135 14.1336
12.4553 10.9817
12.5257 13.983
12.4604 14.4556
12.4603 14.4561
12.5114 11.2925
12.5155 14.1138
12.3238 12.9989
12.5571 13.233
12.3475 13.8026
12.3264 13.1861
12.3288 12.1576
12.3286 12.161
12.3471 13.7983
12.3285 12.1623
12.3286 12.159
12.347 13.7981
12.3287 12.1536
12.3473 13.8058
12.3296 12.1115
12.341 13.6786
12.3283 12.1594
12.3272 12.2079
12.4813 14.3943
12.5626 12.8661
12.5013 11.1839
12.5037 14.2455
12.4454 10.9568
12.4351 10.9583
12.3225 12.4918
12.3223 12.9528
12.5119 14.172
12.3654 14.0939
12.5202 14.0864
12.3307 13.4318
12.4192 10.9777
12.5621 12.4204
12.3324 13.4994
12.5582 12.1715
12.5441 11.7439
12.5643 12.7189
12.3201 12.7577
12.5441 13.7156
12.3567 11.4508
12.3251 12.2075
12.5514 13.5431
12.4974 11.1236
12.4827 14.4169
12.4287 10.9402
12.4288 10.9359
12.3403 13.734
12.3486 13.8937
12.5339 13.9281
12.5522 13.5375
12.429 10.9325
12.4285 10.9302
12.4457 10.9187
12.5359 11.5521
12.5655 12.6571
12.5269 11.4115
12.3267 12.0906
12.5531 11.9288
12.5657 12.6451
12.527 11.409
12.5272 11.412
12.5658 12.6258
12.3701 11.2543
12.3287 13.4507
12.527 11.4065
12.4996 11.1175
12.5569 13.4161
12.4622 14.5144
12.553 13.5463
12.5216 14.1208
12.4706 14.4903
12.4098 14.4757
12.5636 13.1122
12.4999 11.1156
12.4953 14.3678
12.5586 13.3692
12.4456 10.9048
12.5571 13.4242
12.5062 11.1592
12.3188 12.9842
12.5546 11.9353
12.5431 13.8019
12.3868 11.0885
12.3177 12.8515
12.5514 11.8373
12.4911 11.0409
12.4656 10.9267
12.3316 13.5825
12.5307 14.0203
12.5672 12.6231
12.5649 12.3654
12.5672 12.6217
12.357 14.068
12.5672 12.6135
12.3259 13.4093
12.5674 12.6159
12.3449 13.8913
12.5673 12.5434
12.5673 12.5408
12.5673 12.5372
12.4421 10.8822
12.5674 12.5353
12.3171 12.9278
12.3169 12.89
12.3617 14.1421
12.5422 13.8505
12.5677 12.5421
12.4671 14.5353
12.3166 12.9472
12.3659 11.2489
12.5666 12.3872
12.4381 14.5744
12.4319 10.8774
12.487 10.9906
12.3239 12.0686
12.3175 13.0633
12.5603 12.0431
12.3154 12.8333
12.4051 10.9464
12.5609 13.3958
12.5638 12.187
12.315 12.7234
12.3679 14.2373
12.3176 13.1275
12.4428 10.8561
12.5592 13.4767
12.316 13.0089
12.3176 13.1307
12.3173 13.1245
12.3226 13.3884
12.3173 13.1281
12.4415 14.5939
12.3153 12.9508
12.5626 12.0948
12.423 10.8709
12.5619 13.3997
12.4981 11.0378
12.3152 12.4699
12.5423 11.5531
12.4437 14.6006
12.5314 11.3764
12.4152 10.8882
12.5662 12.2422
12.4444 10.8425
12.3147 12.9897
12.5676 12.293
12.3417 11.55
12.5676 12.2954
12.4804 10.9236
12.5676 12.2921
12.5712 12.7602
12.5677 12.2857
12.5668 13.2267
12.3198 13.33
12.4018 14.5182
12.3156 12.355
12.3357 11.6548
12.4876 14.4968
12.4441 10.8294
12.314 12.9964
12.5421 13.9344
12.4616 14.5986
12.4442 10.8268
12.5034 11.0517
12.5238 14.2028
12.5188 14.2608
12.3218 12.0182
12.5642 13.3909
12.3687 14.2954
12.4716 10.8686
12.3191 13.3467
12.3197 12.0864
12.5025 14.4166
12.3342 13.7963
12.4958 10.9839
12.3144 12.3363
12.3403 13.925
12.538 11.4243
12.5673 13.2905
12.3193 13.3869
12.3181 13.3392
12.5381 11.4198
12.5047 11.0387
12.5383 11.4208
12.4481 14.6408
12.3965 10.9245
12.5018 11.0139
12.538 14.0406
12.568 13.285
12.3221 11.9546
12.5722 13.0205
12.4524 10.8044
12.5381 14.0461
12.5382 14.0444
12.5463 11.55
12.3218 11.9522
12.5382 14.0475
12.315 13.2326
12.5629 11.9506
12.5321 14.1401
12.5322 14.1395
12.4956 10.9585
12.5321 14.1418
12.5322 14.1409
12.4957 10.9579
12.3126 12.3622
12.3128 12.3471
12.4718 10.8398
12.5334 14.1266
12.4911 10.9282
12.5259 11.2297
12.5285 11.2621
12.3127 12.3467
12.498 10.9712
12.4789 10.8655
12.4469 14.6569
12.3121 12.3828
12.5389 14.0492
12.5338 14.1235
12.3126 12.3439
12.5338 14.1247
12.3125 12.3456
12.5744 12.6163
12.5337 14.129
12.3361 13.8867
12.3149 12.1941
12.5745 12.6185
12.3467 11.3833
12.3104 12.9375
12.5058 11.0206
12.5054 11.0175
12.3277 11.7497
12.5486 13.8891
12.5747 12.6096
12.3876 10.9548
12.5748 12.6121
12.5425 14.0042
12.3717 14.3741
12.3095 12.8558
12.5656 11.998
12.3771 11.0257
12.3323 13.8286
12.5659 12.0048
12.5588 13.6753
12.4956 10.9375
12.5122 11.0637
12.3792 14.4448
12.5457 11.4927
12.5663 11.9971
12.5664 11.999
12.3161 12.0772
12.5126 11.0578
12.3182 13.4734
12.5632 11.882
12.3083 12.8019
12.5346 11.3024
12.4247 10.7768
12.5347 11.3034
12.5602 11.7872
12.5176 14.3547
12.3118 12.2521
12.3119 12.2418
12.3117 12.251
12.3077 12.6964
12.3077 12.6965
12.49 10.8828
12.5352 11.3011
12.535 11.2987
12.3244 11.7749
12.353 11.2492
12.5549 11.6453
12.3536 11.2406
12.3117 12.2405
12.3589 14.2772
12.399 14.5926
12.3988 14.5923
12.4957 10.9123
12.5485 13.9465
12.49 10.8762
12.567 11.9737
12.3983 14.5944
12.3986 14.5983
12.4111 14.6519
12.5677 13.48
12.5076 10.9875
12.4233 10.7583
12.3531 11.2308
12.3085 12.3996
12.3239 13.7011
12.5765 12.4388
12.4842 14.6131
12.4088 14.6502
12.3521 11.239
12.5104 11.0052
12.4937 10.8839
12.5087 10.9879
12.3145 13.4152
12.4458 14.7133
12.4862 10.8399
12.5251 14.3071
12.4296 10.7397
12.3518 14.2159
12.5147 11.0373
12.5196 14.3669
12.5779 12.5444
12.5079 10.9769
12.508 10.9775
12.5262 14.2989
12.5079 10.9753
12.5082 10.9773
12.4653 10.7545
12.306 12.8641
12.5534 11.5666
12.3156 13.479
12.4847 14.6239
12.3065 12.5073
12.5787 12.8419
