C:22.6443 -4.25756
23.7143 -2.56778
23.7152 -2.57889
23.7205 -2.67333
23.7207 -2.66306
23.7178 -2.62083
23.7122 -2.61194
23.7156 -2.59278
23.7192 -2.60417
23.7177 -2.68167
23.7166 -2.5975
23.7158 -2.57417
23.7127 -2.61278
23.7202 -2.64722
23.7144 -2.57139
23.7168 -2.57167
23.7203 -2.59972
23.7111 -2.62778
23.7147 -2.66444
23.7171 -2.61194
23.7118 -2.60972
23.7209 -2.65611
23.7139 -2.65722
23.7173 -2.60167
23.7159 -2.60167
23.7136 -2.66056
23.7182 -2.64111
23.7162 -2.57972
23.7113 -2.62833
23.7158 -2.56333
23.7198 -2.60333
23.7186 -2.63583
23.7109 -2.60306
23.7131 -2.57944
23.7194 -2.68444
23.7188 -2.6725
23.7156 -2.58528
23.7119 -2.67278
23.7111 -2.64694
19.03 -3.5
18.9767 -2.86667
20.6053 -6.81167
20.8894 -7.575
20.9775 -4.31667
23.9264 -5.925
21.7386 -6.8067
22.8572 -8.55694
21.6224 -7.86417
20.7138 -5.55806
22.1311 -7.69736
21.9449 -7.33026
21.1592 -7.24172
20.0686 -12.1748
20.7925 -15.6567
19.7783 -18.3987
14.8322 -5.29333
14.8322 -5.29333
C:0.741076 21.0072
0.45075 22.6736
0.455722 22.7042
0.449083 22.6692
0.45 22.7142
0.457806 22.6897
0.450417 22.6817
0.454556 22.6667
0.453194 22.6701
2.10626 16.1469
0.453611 22.695
0.449833 22.6694
0.450944 22.6664
0.456917 22.6792
0.452972 22.7075
0.453944 22.6667
0.451389 22.6928
0.458083 22.6519
0.456139 22.6975
0.455056 22.6525
0.456306 22.6894
0.448833 22.6839
0.449389 22.6919
0.452167 22.6561
0.0833786 22.1322
2.69472 16.2883
2.67861 16.525
4.42611 13.445
0.00366667 14.5917
0.009 14.5818
0.0120972 14.5249
0.0162861 14.5446
0.0176667 14.5802
0.457583 22.7258
0.458361 22.7469
0.459278 22.7197
0.458639 22.73
0.455944 22.7219
3.85619 28.2978
C:23.6846 9.59124
23.7778 9.55167
23.7769 9.53778
23.7746 9.53861
23.7809 9.57028
23.7804 9.5325
23.7751 9.54945
23.7754 9.54056
23.7764 9.54472
23.7806 9.55222
23.7809 9.55667
23.7757 9.5325
23.7784 9.56861
23.776 9.55389
23.7765 9.54778
23.7744 9.54445
23.7741 9.54694
23.7816 9.5375
23.7781 9.53972
23.7814 9.53944
23.7731 9.54
23.7776 9.56278
23.7797 9.56889
23.7719 9.49972
23.7803 9.48583
23.7818 9.50639
23.7734 9.52111
23.7812 9.50806
23.7747 9.49611
23.782 9.51528
23.7796 9.48611
23.7726 9.51444
23.7787 9.50667
23.7793 9.5075
23.7775 9.49417
23.7724 9.49028
23.7722 9.48278
23.7787 9.50528
23.7795 9.52111
23.7723 9.51389
23.7785 9.485
23.8386 10.81
23.7737 9.46667
23.7735 9.47917
23.7726 9.4775
23.7807 9.46417
23.7755 9.45917
23.7801 9.47
23.773 9.47194
23.7721 9.47278
23.7817 9.46778
23.777 9.46917
23.7788 9.46
23.7729 9.46278
23.7799 9.47139
23.7743 9.45944
23.775 9.46472
23.7719 9.46556
23.7794 9.47139
22.7747 10.1633
23.7486 9.265
21.574 10.7203
21.2236 11.6482
C:11.9176 47.0165
10.1702 41.505
17.3322 48.1078
17.3297 48.0833
10.177 41.5939
17.3335 48.0578
9.32769 51.1125
9.33558 51.1092
17.3286 48.0981
9.33869 51.1494
9.33639 51.1456
10.1724 41.4892
9.32475 51.0939
10.1776 41.5067
10.1746 41.5656
9.32797 51.1364
10.1808 41.5047
17.3198 48.045
10.1698 41.4983
10.1765 41.4825
9.33258 51.0725
9.32808 51.1036
9.33272 51.1364
9.32944 51.1508
9.32644 51.1381
10.1684 41.5181
17.3228 48.1175
10.1717 41.5208
9.33611 51.1103
17.3216 48.0903
9.33717 51.0844
10.1754 41.5942
17.3249 48.0556
9.33583 51.0658
9.32553 51.04
9.33231 51.0881
9.33317 51.0508
9.32836 51.0911
10.1704 41.5222
10.1768 41.5942
10.1735 41.535
9.33747 51.0617
17.3211 48.0667
10.1808 41.4828
17.3244 48.1081
10.1783 41.5511
9.34028 51.1211
18.596 52.6269
17.3313 48.0858
9.33594 51.1286
9.33342 51.085
9.33917 51.0478
17.3305 48.0264
10.1757 41.545
17.3235 48.035
9.33767 51.0531
9.33017 51.1167
17.3339 48.0453
17.3301 48.0839
17.3262 48.0939
10.1795 41.5694
10.1802 41.4958
9.3285 51.0447
17.3242 48.0911
9.32525 51.0806
10.1681 41.5236
9.33831 51.1361
10.171 41.5667
10.1749 41.5081
10.1762 41.4906
9.33428 51.0586
9.32733 51.1308
10.1786 41.5722
10.1759 41.5783
17.3201 48.045
10.1743 41.4886
8.83281 51.1407
10.173 41.5392
17.324 48.0381
10.8123 45.7806
14.3 52.6
17.3204 48.1097
9.33389 51.1439
10.1691 41.5394
10.1772 41.4856
9.33472 51.1244
10.1757 41.5483
9.33955 51.1444
9.32867 51.1072
9.33419 51.1553
10.1694 41.5381
19.5753 50.4232
17.3231 48.0244
10.1707 41.5017
9.33881 51.1083
9.33522 51.08
10.1686 41.5361
9.33314 51.1583
10.1714 41.5256
10.172 41.4928
9.32644 51.0867
17.3267 48.0528
10.1779 41.5225
9.32564 51.0833
10.1739 41.535
10.1677 41.5253
9.3395 51.0408
9.32514 51.1422
9.33908 51.1381
9.32617 51.0986
17.3208 48.0442
9.32881 51.0594
9.34058 51.1256
10.1689 41.5244
9.33011 51.0514
10.1806 41.5183
17.3314 48.0589
17.3329 48.0928
17.3219 48.0869
13.212 42.7435
10.1728 41.4983
17.0167 51.7
13.2088 42.7295
13.2045 42.744
10.28 43.5486
18.2381 40.8883
15.8153 43.83
18.7464 50.5333
21.3917 50.9333
23.8244 50.9533
12.0122 50.105
6.045 51.4317
9.48258 44.0164
15.8419 52.2847
11.3236 54.3637
8.22314 45.3025
12.1467 41.3458
13.0224 39.9167
8.49608 47.9344
10.4691 54.3159
15.8504 45.4191
10.8885 40.3944
11.295 44.8497
17.0694 51.7864
10.6609 39.4714
C:22.579 2.50511
23.7172 4.47
23.0835 3.15056
23.0766 3.16306
23.0842 3.15083
23.0798 3.14944
23.0758 3.1475
23.0803 3.14528
23.0753 3.23556
23.0755 3.17972
23.0806 3.16944
23.0784 3.13417
23.0768 3.2175
23.0746 3.23083
23.0775 3.198
23.0823 3.14222
23.0811 3.17444
23.0816 3.25306
23.0828 3.13667
23.0802 3.18472
23.0822 3.18583
23.0811 3.15528
23.08 3.16139
23.0808 3.16556
23.0776 3.13872
23.0819 3.16694
23.076 3.16667
23.0818 3.15
23.0751 3.2275
23.083 3.17056
23.081 3.20056
23.0779 3.16722
23.0758 3.16639
23.0796 3.18856
23.0794 3.24917
23.0814 3.19333
23.0838 3.19194
23.0788 3.15444
23.905 2.61167
22.2477 2.73556
22.2152 0.914186
22.242 0.950017
22.2371 0.965839
22.2391 1.01863
22.2499 1.01955
22.2514 1.03291
22.1999 1.20123
19.9322 2.73
22.2329 1.6455
22.2158 1.707
21.7964 0.540833
22.7477 0.677228
22.2163 1.77009
22.2121 1.79981
22.2303 2.3136
22.25 2.55481
20.8729 0.0197222
16.5247 2.18728
20.6839 -0.72
19.8757 -0.707167
C:12.5147 62.509
12.6134 62.2042
15.7619 59.1922
12.6131 62.2035
10.04 68.2717
10.0625 68.2742
10.0484 68.1669
11.9215 63.7728
10.0652 68.1756
10.0594 68.2711
10.0602 68.2708
6.79722 70.2486
19.0952 70.3759
10.044 68.1933
12.6133 62.2082
10.0423 68.1836
10.0554 68.2008
9.88714 69.5007
10.0638 68.1786
10.0529 68.1692
17.1645 59.2227
10.0464 68.1769
9.74642 67.4386
0.407667 62.8426
12.6161 62.2099
18.2163 68.3541
16.1031 55.4492
12.6113 62.2026
8.05361 58.425
12.6114 62.203
12.6114 62.2039
5.99775 75.2489
13.01 65.3764
14.1528 61.0864
17.1654 58.3967
12.6114 62.2021
12.6477 67.1578
12.6114 62.2029
11.8519 64.9278
11.4771 58.5906
12.6115 62.202
12.6115 62.2043
12.6115 62.2041
12.6115 62.2044
12.6115 62.2019
14.9446 61.8471
12.6115 62.2018
12.6115 62.2039
12.0369 59.1396
17.0966 59.2691
13.6432 63.333
12.6116 62.2047
12.6116 62.2014
12.6116 62.2013
11.5848 57.7335
12.6116 62.2045
12.6116 62.2015
14.445 64.9982
12.6116 62.2053
12.6116 62.2052
12.6117 62.206
12.6116 62.2015
12.6116 62.2015
12.6116 62.2015
12.6117 62.2009
12.6117 62.2064
12.6117 62.2069
12.6118 62.2004
12.6118 62.2054
12.6118 62.2038
12.6118 62.2003
12.6118 62.2032
12.6118 62.207
12.6119 62.2011
12.6118 62.2058
12.6119 62.205
12.6119 62.2056
12.6119 62.2057
12.6119 62.2003
12.6119 62.2011
12.6119 62.2084
12.6119 62.2
12.6119 62.201
12.6119 62.2077
12.6119 62.2064
12.6119 62.2056
12.6119 62.2032
12.612 62.2086
12.612 62.202
12.612 62.2086
12.612 62.2079
12.612 62.2002
12.612 62.2053
12.612 62.2075
12.612 62.2051
12.612 62.2093
12.612 62.2044
12.6121 62.2003
12.6121 62.2078
12.6121 62.2077
12.6121 62.1992
12.6121 62.2043
12.6121 62.203
12.6121 62.2088
12.6122 62.207
12.6122 62.2089
12.6122 62.2062
12.6122 62.2083
12.6122 62.207
12.6122 62.2006
12.6122 62.2101
12.6122 62.2026
12.6122 62.2026
12.6122 62.2075
12.6122 62.2064
12.6122 62.2034
12.6122 62.2065
12.6122 62.2065
12.6123 62.2056
12.6123 62.2009
12.6123 62.2039
12.6123 62.2048
12.6124 62.2073
12.6124 62.1981
12.6124 62.2085
12.6124 62.2101
12.6124 62.2043
12.6124 62.2027
12.6124 62.2098
12.6124 62.1969
12.6124 62.2095
12.6124 62.2121
12.6124 62.1981
12.6124 62.2067
12.6124 62.1985
12.6124 62.1987
12.6124 62.2119
12.6124 62.2081
12.6125 62.2054
12.6125 62.1973
12.6125 62.2118
12.6125 62.2074
12.6125 62.2123
12.6125 62.2061
12.6125 62.1969
12.6125 62.1971
12.6125 62.2008
12.6125 62.1995
12.6125 62.2103
12.6125 62.1973
12.6125 62.2014
12.6125 62.2124
12.6126 62.2034
12.6126 62.2071
12.6126 62.1959
12.6126 62.2107
12.6126 62.201
12.6126 62.2074
12.6126 62.2094
12.6126 62.1983
12.6126 62.1983
12.6126 62.1983
12.6125 62.1984
12.6126 62.2086
12.6126 62.2072
12.6126 62.2005
12.6126 62.2022
12.6126 62.2079
12.6126 62.1969
12.6126 62.211
12.6126 62.2006
12.6126 62.1954
12.6126 62.2097
12.6126 62.2046
12.6126 62.2006
12.6126 62.2096
12.6126 62.2116
12.6126 62.211
12.6127 62.2102
12.6127 62.2093
12.6127 62.2101
12.6127 62.2112
12.6127 62.1956
12.6127 62.2069
12.6127 62.2114
12.6127 62.1953
12.6127 62.2117
12.6127 62.1956
12.6127 62.2073
12.6127 62.2076
12.6127 62.21
12.6127 62.1993
12.6127 62.2118
12.6127 62.1998
12.6127 62.2038
12.6127 62.2063
12.6127 62.1974
12.6127 62.2117
12.6127 62.2107
12.6127 62.199
12.6127 62.2103
12.6127 62.195
12.6127 62.2106
12.6128 62.2079
12.6128 62.2107
12.6128 62.2088
12.6128 62.1971
12.6128 62.2049
12.6128 62.2066
12.6128 62.2076
12.6128 62.2074
12.6128 62.2105
12.6128 62.2076
12.6128 62.2102
12.6128 62.195
12.6128 62.195
12.6128 62.1958
12.6128 62.2098
12.6128 62.1987
12.6128 62.208
12.6129 62.2079
12.6128 62.2081
12.6129 62.2093
12.6129 62.2063
12.6129 62.1999
12.6129 62.211
12.6129 62.2083
12.6129 62.2069
12.6129 62.2044
12.6129 62.2013
12.6129 62.1962
12.6129 62.2078
12.6129 62.196
12.6129 62.2043
12.6129 62.2103
12.6129 62.2005
12.613 62.2002
12.613 62.1958
12.613 62.1959
12.613 62.2045
12.613 62.2049
12.613 62.2095
12.613 62.1982
12.613 62.2026
12.613 62.2098
12.6131 62.2064
12.6131 62.2015
12.613 62.1989
12.6131 62.2074
12.6131 62.2024
12.6131 62.1997
12.6131 62.2086
12.6131 62.2086
12.6132 62.2044
12.6132 62.2002
12.6132 62.2023
12.6132 62.1999
12.6132 62.2031
12.6132 62.2039
12.6132 62.1981
12.6132 62.2091
12.6132 62.209
12.6132 62.2025
12.6132 62.2061
12.6132 62.2023
12.6132 62.2054
12.6133 62.2026
12.6133 62.2038
12.6133 62.2036
12.6133 62.2015
12.6133 62.2073
12.6134 62.2066
12.6134 62.2023
12.6133 62.2062
12.6134 62.2062
12.6134 62.2077
12.6134 62.2063
12.6134 62.2048
12.6134 62.2025
12.6135 62.2075
12.6135 62.2041
12.6134 62.2038
12.6135 62.2044
12.6135 62.2044
12.6135 62.2045
12.6135 62.2023
12.6135 62.2074
12.6135 62.2011
12.6135 62.2022
12.6135 62.2073
12.6135 62.2053
12.6135 62.2036
12.6136 62.2056
12.6136 62.2024
12.6136 62.2046
12.6136 62.2023
12.6136 62.2022
12.6137 62.2056
12.6137 62.2029
12.6137 62.204
12.6137 62.2063
12.6138 62.2033
12.6138 62.2056
12.6138 62.2039
12.6139 62.2044
12.6139 62.2046
12.6139 62.2048
12.6139 62.2047
12.6139 62.2047
12.6139 62.2045
12.614 62.205
12.3631 55.8215
C:10.7924 4.44381
12.5199 9.89115
12.5188 9.88217
10.5064 7.785
11.0173 7.60611
14.8125 8.89626
13.2432 8.46095
12.1897 7.12639
11.3889 1.63139
8.14996 6.72562
12.485 2.05333
10.2351 3.34639
15.3439 7.6597
12.485 2.05167
5.15869 11.2854
13.1038 6.00614
10.181 6.07556
12.6503 6.22938
8.9797 3.721
14.5686 7.5366
9.74365 4.90509
13.3304 7.02135
13.744 3.29673
12.2622 2.09079
11.0946 0.120833
8.82581 2.24417
13.593 1.30153
2.30954 7.74101
13.1917 -0.678139
10.4169 0.680278
3.12944 10.4167
3.02722 8.24833
14.7029 0.465
8.84408 2.03194
8.34994 1.8713
12.5607 0.333033
15.176 4.0007
0.618889 9.15833
14.1381 -2.22839
15.6803 0.561667
11.6082 -1.61583
4.27306 3.79167
11.1211 -3.08833
C:12.2015 31.3069
2.45556 33.9583
11.2846 30.6233
10.1205 28.8968
11.1871 28.6889
0.0576139 35.1586
13.4919 29.2167
8.09228 30.62
11.4927 34.1844
13.3042 33.2834
10.8196 24.5702
11.1992 33.8466
8.88979 31.6277
8.89009 31.6356
10.8949 24.5827
9.45089 30.273
16.0034 33.2691
16.2046 31.0343
14.7963 30.0501
17.2645 30.2827
16.3417 26.9
19.4102 35.3525
14.4159 37.146
15.445 26.2476
16.9478 36.2049
16.073 27.4345
12.7064 38.8905
C:14.886 17.0827
16.3378 17.5789
16.3424 17.6519
16.3358 17.6033
16.3433 17.6511
16.3384 17.6428
16.3415 17.6264
16.3439 17.6003
16.3446 17.6344
16.334 17.6286
16.3422 17.5931
16.3387 17.6406
16.3346 17.5722
16.3343 17.5753
16.3361 17.5714
16.3341 17.64
16.3429 17.5944
16.3411 17.6103
16.3386 17.5636
16.3429 17.6169
16.3411 17.61
16.3401 17.5833
16.3404 17.5889
16.3445 17.5986
16.3401 17.5625
16.3441 17.6081
12.5652 21.0575
16.3398 17.6164
16.3381 17.5681
16.344 17.615
16.3383 17.5861
16.3434 17.5803
16.3425 17.6153
16.3403 17.5969
16.3376 17.5778
16.3346 17.5706
16.3418 17.5608
16.3368 17.6022
16.3356 17.5631
12.0097 20.0752
11.3083 15.0383
11.4773 19.3188
11.5832 19.4587
12.6846 14.5523
10.4612 14.4723
10.7998 15.2647
9.88086 22.5182
9.36361 15.6549
10.8272 22.5397
11.5512 23.631
15.7889 13.0198
16.4528 13.061
10.0845 14.0741
10.3649 14.0983
16.1325 11.2482
12.7031 11.6448
12.7267 11.5346
15.1651 10.2497
C:21.9074 6.92797
21.8021 6.92444
21.8054 6.98778
21.7979 6.91639
21.8064 6.94972
21.8001 6.91806
21.8061 6.97278
21.8032 6.95722
21.8052 6.93556
21.8001 6.97389
21.8048 6.93833
21.8017 6.95528
21.799 6.99528
21.7986 6.96833
21.7973 6.92389
21.8006 6.95472
21.8056 6.97639
21.7965 6.97417
21.8051 6.92778
21.8036 7.00722
21.7999 6.97056
21.8057 7.00278
21.8048 6.94361
21.8046 6.97028
21.8062 6.95
21.7981 6.91389
21.8031 6.95917
21.8028 6.96639
21.7983 6.92444
21.8023 6.95389
21.7971 6.98833
21.7992 6.94333
21.8015 6.98722
21.8053 6.93194
21.7977 6.9925
21.8057 6.94833
21.797 6.99167
21.7984 6.95889
21.8032 6.97139
21.7984 6.94917
21.7993 6.97972
21.8026 6.99389
21.7967 6.99833
21.7976 6.95611
21.8046 6.94889
21.7976 6.91417
21.8065 6.95583
21.7971 6.97556
21.802 6.94525
21.7988 6.98611
21.8005 6.96222
21.8033 6.91306
21.798 6.95361
21.8027 6.91639
21.7975 6.97472
21.8044 6.99889
21.8035 6.96
21.8045 6.94917
21.8051 6.99778
21.8004 6.94972
21.8041 6.94194
21.8015 7.00806
21.8014 6.93306
21.803 6.93361
21.7966 6.99972
21.8061 6.95417
21.7964 6.94806
21.7987 6.93639
21.8025 6.95806
19.2492 10.2967
23.1564 5.45333
23.19 5.28667
23.6492 6.155
23.6492 6.155
23.8511 5.905
23.8097 7.12833
C:22.825 16.2536
22.9033 16.1111
22.9028 16.1089
22.9003 16.1178
22.8958 16.1256
22.8986 16.1119
22.9041 16.15
22.9043 16.1014
22.8944 16.1322
22.9023 16.1522
22.896 16.1042
22.8989 16.1125
22.9008 16.1169
22.8969 16.1103
22.8997 16.1178
22.897 16.1108
22.9026 16.1008
22.8948 16.1522
22.897 16.1453
22.8965 16.1153
22.9023 16.1494
22.9038 16.1481
22.9026 16.1492
22.9009 16.1119
22.8984 16.1156
22.8999 16.1008
22.9001 16.1517
22.8983 16.1494
22.8979 16.1697
22.9006 16.1697
22.8956 16.1661
22.8953 16.1781
22.8942 16.1658
22.8964 16.1758
22.4939 19.5597
23.2092 18.3747
21.1675 24.0217
22.5436 13.1783
22.5436 13.1783
22.5436 13.1783
C:2.63643 -3.31477
1.42844 0.0611111
3.0425 0.1
2.03356 -10.4275
4.28814 -4.05361
4.28414 -4.1475
4.28494 -4.15194
4.28447 -4.15778
1.42097 0.0841667
4.28892 -4.05556
1.42828 0.0541667
2.03092 -10.4233
4.28322 -4.10694
4.29067 -4.14889
1.42803 0.16
4.28406 -4.06528
1.42992 0.132778
1.424 0.0822222
4.28361 -4.13778
1.17347 -1.6725
1.42767 0.0883333
4.29153 -4.11611
1.17208 -1.6625
1.42381 0.133333
4.28744 -4.15528
2.03147 -10.3958
4.29036 -4.07556
1.17317 -1.67361
1.17464 -1.64667
1.42044 0.0577778
1.41997 0.0630556
1.42686 0.134167
4.28969 -4.13056
1.17447 -1.68556
4.28456 -4.10528
1.42797 0.126389
4.28678 -4.14333
2.16146 0.266222
1.17328 -1.67306
1.17061 -1.66389
1.42133 0.0827778
4.28694 -4.07889
4.28747 -4.07194
2.03478 -10.4136
4.28794 -4.07778
4.28664 -4.12056
4.29133 -4.10111
2.02947 -10.3969
4.293 -4.05611
4.28789 -4.14611
4.28425 -4.11528
1.17411 -1.6525
4.29147 -4.12028
2.03011 -10.4325
1.42358 0.131944
1.42339 0.142222
1.42014 0.1425
4.28992 -4.05528
2.03125 -10.4944
1.1665 -1.70083
1.42208 0.0563889
1.42772 0.0841667
1.42511 0.0525
2.03411 -10.4492
4.28944 -4.155
1.42328 0.128611
1.42964 0.0683333
2.03578 -10.4814
1.42897 0.157222
4.29142 -4.12944
1.17244 -1.63833
1.42292 0.125
4.29114 -4.10528
4.29 -4.07111
4.29233 -4.06583
4.28336 -4.13361
2.03753 -10.4953
4.29078 -4.09306
1.42494 0.0469444
1.42789 0.0622222
1.42183 0.0555556
4.28833 -4.07139
1.16939 -1.61083
1.16669 -1.65056
4.28317 -4.07278
1.42633 0.131667
1.16794 -1.67222
4.29006 -4.06361
1.42147 0.143056
2.02928 -10.3956
1.42058 0.124167
1.42736 0.134722
1.16739 -1.72972
4.29181 -4.06889
4.29197 -4.13667
1.42986 0.0955556
4.28822 -4.055
2.03458 -10.4244
1.1675 -1.70694
1.17231 -1.60639
2.03233 -10.4983
1.17372 -1.66611
1.42878 0.135
4.29236 -4.12556
1.17169 -1.65
2.03508 -10.4461
1.42375 0.0633333
3.1889 1.31625
1.16753 -1.62389
1.17389 -1.66611
2.03697 -10.4781
1.42306 0.0869444
4.28903 -4.1275
4.28944 -4.15833
1.42675 0.0866667
4.28339 -4.11028
2.03178 -10.5006
1.17486 -1.66778
2.03678 -10.4672
1.17486 -1.66528
1.42869 0.0852778
1.16794 -1.70972
1.41972 0.0566667
4.28808 -4.06083
1.42164 0.0972222
1.4255 0.153333
4.28428 -4.14389
2.03628 -10.44
4.29108 -4.15639
2.03647 -10.4086
4.29047 -4.07056
4.28303 -4.14306
1.42258 0.0802778
1.17125 -1.63972
1.17147 -1.64972
4.28681 -4.06306
1.42219 0.0480556
2.03431 -10.415
4.28606 -4.14611
4.28822 -4.14056
4.28478 -4.11167
1.16581 -1.65194
4.28681 -4.14083
4.28539 -4.04083
1.17511 -1.70028
1.42472 0.159167
4.28558 -4.12028
2.02983 -10.4625
4.29164 -4.14111
4.29261 -4.14417
1.42103 0.0688889
1.4285 0.146667
2.03325 -10.5025
1.16717 -1.71861
1.42583 0.0883333
12.1801 -8.6525
12.1801 -8.6525
0.590028 0.4
9.54694 -10.54
1.36407 -11.0447
1.18983 0.00333333
0.408861 0.523056
3.41514 -0.825278
3.95295 0.690547
0.00333056 1.12175
0.0121472 -9.57739
C:3.98269 -30.8647
20.0167 -45.2
3.54972 -34.0358
21.7367 -38.4343
21.3908 -52.9661
19.5817 -51.1683
4.87506 -28.1065
12.8786 -28.5111
3.54322 -26.0396
8.58961 -44.8729
3.54972 -34.0358
13.9675 -30.6272
1.0244 -32.2779
10.1236 -66.9517
22.8123 -43.4692
0.959556 -26.5493
0.955875 -26.605
0.959644 -26.5815
0.956078 -26.5947
0.956697 -26.476
0.957072 -26.5901
0.957281 -26.4417
0.953833 -26.61
0.954408 -26.4626
0.958311 -26.4797
0.955453 -26.4714
0.954092 -26.509
0.955331 -26.4684
0.958511 -26.5383
0.953406 -26.6013
0.949717 -26.5011
0.954528 -26.4557
0.956072 -26.6292
0.951108 -26.4585
0.947797 -26.4355
0.954861 -26.5982
0.952642 -26.4448
0.954239 -26.4656
0.957386 -26.4932
0.95465 -26.4833
0.955625 -26.5055
0.954756 -26.6219
0.0456111 -79.6536
6.33806 -54.8003
7.77167 -27.5333
13.625 -38.1167
17.1917 -63.2833
0.553117 -42.0799
13.9675 -30.6265
3.53101 -26.2355
0.55175 -42.8251
0.574317 -42.9604
0.555747 -42.9656
3.63984 -34.3352
3.60771 -34.7628
3.69246 -34.8063
3.6621 -34.5501
17.0672 -21.35
0.0547583 -25.8991
0.0584389 -25.9035
0.056075 -25.9056
0.0558667 -25.9285
0.055625 -25.9398
0.0573139 -25.942
0.0564722 -25.9521
0.0575861 -25.959
0.0570556 -25.9763
0.0569917 -25.9236
0.0586167 -25.9247
0.0547861 -25.9322
0.055825 -25.9396
0.0579194 -25.9421
0.0566083 -25.9532
0.0590139 -25.9702
0.0555111 -25.9772
0.0568472 -25.9031
0.0569778 -25.9187
0.0551306 -25.9236
0.0554722 -25.926
0.0572 -25.9611
0.0558944 -25.9701
0.0559028 -25.9759
11.1026 -20.2297
12.0228 -18.9967
12.0238 -18.9883
12.2183 -19.0833
