12.997 27.9761
12.9977 27.985
12.9979 27.9839
12.9958 27.9817
12.9967 27.9944
12.9976 27.9932
12.9982 27.9821
12.9958 27.9687
12.9978 27.9961
12.9983 27.9727
12.9953 27.9794
12.9955 27.9672
12.995 27.9802
12.997 27.9551
12.9969 27.955
12.9949 27.9783
12.9977 27.9569
12.9979 27.9568
12.9969 27.9531
12.9953 27.9984
12.9981 28.0029
12.9971 27.9518
12.9967 27.9503
12.9988 27.9633
12.9979 27.9494
12.9943 27.9778
12.9993 27.9941
12.9991 27.9994
12.9997 27.9778
12.9946 27.9586
12.9948 27.953
12.9996 27.9655
12.9947 27.9523
12.9976 28.0202
12.9946 27.9508
12.9942 27.9592
12.9951 28.0151
13 27.9883
13 27.9895
12.9936 27.9799
12.9936 27.9723
12.9995 27.9542
12.9979 27.9383
12.995 27.9428
12.9956 27.9376
12.9947 27.9431
12.9983 27.9375
12.9933 27.9681
12.9941 27.9496
12.9999 27.9526
12.9931 27.9806
12.9976 27.9317
12.9991 28.0211
12.9939 27.949
13.0005 27.9948
12.9942 28.0198
12.9972 27.9271
12.9928 27.995
12.9968 28.0366
12.9962 27.9242
12.9952 28.034
12.995 28.0331
12.9928 28.0019
13.0007 27.9525
12.9934 27.9441
12.9972 27.9221
13.0012 27.9704
12.9924 27.9753
12.9924 27.9906
12.998 27.9219
12.9934 28.0201
12.9964 27.9191
12.9933 27.9401
12.9945 27.9273
12.9938 27.9325
12.9944 27.9261
13.0009 27.9467
12.997 27.9171
13.0008 27.945
12.9921 27.9634
12.9925 27.9506
13.0019 27.99
12.9919 27.9905
12.9933 28.0283
12.9964 28.0483
12.9922 28.01
12.9969 27.9117
12.9921 28.0092
13.0015 27.9456
12.9932 27.9281
13.0021 27.9992
13.0014 27.9415
12.995 27.9117
12.9966 27.9072
12.993 28.0337
12.996 28.0537
13.0022 28.0056
12.9919 27.9456
12.9996 27.9139
12.9922 28.0244
12.9987 28.0525
12.9926 28.0313
12.9953 27.9069
12.9925 27.9308
12.991 27.9831
13.0021 28.0144
12.9952 27.9056
13.0028 27.98
12.9944 28.0534
12.9914 27.9453
13.0022 27.9432
12.9923 27.928
13.0029 27.9747
12.9955 28.0592
12.9946 27.9053
13.0012 28.0391
12.9928 27.9183
12.9974 27.8986
13.0015 28.0361
12.9905 27.975
13.0019 28.0322
12.9917 28.0304
12.9914 28.0256
12.9994 27.9028
12.9968 28.0656
12.9906 27.9639
12.9956 28.0647
12.9925 27.9169
12.9947 27.8986
12.9944 28.0628
13.0036 27.9906
13.0029 27.9381
13.0027 28.027
12.9908 27.9403
12.9928 27.9077
12.99 27.9829
12.9979 27.8906
12.9906 28.0178
12.991 28.0295
12.9978 27.8883
12.9901 28.006
12.9917 28.0438
12.9898 27.982
12.9909 27.9286
13.0022 27.9173
12.9988 28.0722
13.0038 28.0042
12.991 28.0368
12.992 27.9083
12.9948 28.0736
12.9907 28.0345
13.0039 28.0073
13.0011 28.0606
12.9897 27.9528
12.9897 27.9514
12.995 27.8846
13.0025 28.0458
12.9895 27.9603
13.0008 27.895
13.0045 27.9841
12.9972 27.8786
13.0032 27.923
12.9969 27.8781
12.9918 28.0581
13.0046 27.9741
13.0036 28.0314
12.9893 28.005
12.9892 27.9566
13.0011 28.0689
12.9985 27.8775
13.0041 28.026
12.9918 27.8978
13.0014 27.8922
13.0049 27.9688
12.9891 27.9531
12.9893 28.0169
13.0038 28.0374
12.9965 27.8727
13.0003 27.8822
13.0045 27.9418
12.9891 28.0156
12.9887 27.9939
13.0046 27.9441
13.0051 27.9715
12.9943 27.8761
13.0051 27.975
13.0052 27.973
13.0034 27.9122
13.0052 27.9714
13.0044 28.0295
13.0053 27.9668
12.9932 27.8797
13.0038 28.0455
12.9934 28.0844
13.0055 27.9847
12.9938 27.8733
13.0055 27.9767
12.9983 27.867
13.005 28.0224
13.0013 27.8806
13.0045 27.9228
13.0026 28.0692
13.0056 27.9672
13.0034 27.9016
12.9881 27.9878
12.9894 28.0433
12.9966 28.0976
12.9915 28.0747
12.9882 27.9551
12.9992 27.8663
12.9923 28.0829
12.9927 27.8744
12.9924 28.0846
13.0016 28.0825
12.988 28.0083
13.0019 27.8803
13.0057 27.95
12.9915 28.0786
13.006 27.9711
13.0033 28.0675
12.9899 28.0606
13.0045 27.9123
13.0018 28.0843
13.0043 27.908
12.9922 27.8747
12.9884 27.9314
13.0039 27.8995
12.9944 27.8608
13.0051 27.9213
12.9875 27.9655
12.9993 27.8594
12.995 28.1039
12.9909 27.8825
12.9986 27.8567
12.9877 28.0192
12.9877 28.0169
12.9998 27.8593
12.999 28.105
13.0056 28.0339
13.0044 27.9015
13.0064 27.9969
13.0047 27.9042
12.9965 27.8519
13.0039 28.0687
12.996 27.8522
12.9872 27.9628
12.9995 27.8555
12.9871 27.9759
12.9888 27.9054
12.9943 27.8546
13.0063 28.0157
12.9874 27.9411
12.994 27.8544
12.9938 28.1061
12.9879 27.9226
13.0068 27.9892
13.0049 28.0596
13.0043 28.0701
12.9876 27.9259
13.0033 28.0844
12.989 28.0661
13.0033 28.0851
13.0021 28.0964
13.0061 28.0393
12.9925 27.8574
12.9867 27.9579
12.9866 27.9982
13.0061 28.0417
12.995 28.1153
12.9972 27.8432
12.9917 28.1
12.9872 28.0328
13.0073 27.97
12.9876 28.046
13.0022 28.0995
13.007 27.9439
13.0063 27.921
13.0064 27.9209
12.9872 28.0372
12.9919 27.8575
13.0073 27.9605
13.0074 27.9981
12.9912 27.8621
13.0036 28.0889
12.9886 28.0685
13.0021 27.8583
13.0069 27.9319
12.9966 27.8385
12.9961 27.8385
12.9861 27.975
13.0029 27.8623
12.9947 28.1203
13.0059 28.0575
12.9866 27.9373
12.9924 27.8507
12.9861 27.9756
13.0077 27.9878
12.9868 28.035
13.0042 28.0869
12.9934 27.844
12.9861 27.9544
12.9884 27.8894
12.9992 27.8392
13.0076 28.0095
12.9976 27.8358
12.988 27.8951
13.0054 28.0729
12.9863 28.0206
12.9965 27.8349
13.0065 28.0505
12.9867 27.9242
12.9867 27.9229
13.0079 27.9831
13.0075 28.0222
13.0034 28.0993
13.008 27.9942
12.9978 27.8332
13.0057 28.071
12.9879 27.8914
12.9872 27.9058
13.0081 27.9906
12.9857 27.9703
13.0055 28.0759
12.9931 28.1219
12.9864 28.0383
12.9858 27.9483
13.0075 27.9284
13.0056 27.8844
13.0083 27.9686
12.9957 27.8298
13.0082 27.9555
12.9973 27.8288
13.0048 27.8704
12.9967 27.8281
13.0043 28.0975
12.9965 27.8269
12.9915 27.8439
12.9877 27.8861
13.0073 28.0492
12.9907 27.8488
12.9926 27.8364
13.0068 28.0619
13.0086 27.9744
13.0061 28.0782
12.9853 27.9516
13.0075 27.9148
12.9852 27.9597
12.9931 28.1292
12.9919 28.1225
12.9979 27.8236
13.0083 28.0268
13.0075 28.0538
13.0083 28.0264
12.9926 27.8319
13.0071 27.8987
13.0022 28.1228
13.0072 28.0625
13.0089 27.9781
12.9993 28.1367
13.0025 27.8398
13.0072 28.0624
13.0002 27.8267
13.0011 28.1306
12.9916 28.1253
13.009 27.9758
13.0088 27.9531
12.9896 28.1094
12.9964 27.8191
13.0091 27.9863
13.009 28.0035
13.0079 28.0517
13.0077 28.0567
12.9989 27.8201
13.0074 28.0667
13.0092 27.9956
13.0092 27.9798
13.0088 28.0227
12.9915 27.8328
12.9899 27.8447
12.9912 27.8336
13.0064 27.8736
13.0093 27.9906
12.9929 27.8235
12.9911 28.1281
13.0076 27.8943
12.9843 27.966
12.9842 27.986
12.988 27.8606
13.0095 27.9716
12.9842 27.9749
13.0096 27.9785
13.009 28.0336
12.9874 28.094
13 27.8167
12.9917 27.826
12.9914 28.1339
13.0095 28.0061
13.0075 28.075
13.0029 28.1303
13.0033 28.1275
13.0078 28.0698
13.0017 27.8226
13.0089 28.0414
13.0086 28.0536
13.0091 27.9214
12.984 27.9501
13.0097 27.9499
12.9873 28.0994
13.0035 27.83
13.0083 28.0669
13.0099 28.0053
12.986 28.0791
12.9945 27.8078
13.0101 27.9734
12.989 28.1225
12.9946 27.8067
12.9907 27.8236
12.9877 27.8517
12.9891 27.8367
13.0096 27.9276
13.0102 27.9614
12.9854 28.0711
12.9837 27.9472
13.0085 28.0685
13.0099 28.0238
13.01 28.0167
13.0071 27.8649
13.0103 27.9687
12.9925 27.8109
12.9837 27.9382
13.0015 28.1494
13.0091 28.0589
12.9837 27.9384
12.984 28.0369
12.9945 27.8031
12.9833 28
13.0095 27.9131
13.0105 27.9779
12.9962 27.7999
12.9908 27.8181
12.9833 27.9985
13.0105 27.9953
13.0093 28.0569
12.9832 27.9936
13.006 27.8452
13.0092 28.0601
13.0094 28.0548
13.0093 27.9023
13.0095 28.0537
13.0101 27.9263
13.01 28.0412
13.0085 27.8796
13.01 27.9182
12.9851 27.8806
12.9998 27.7987
13.0103 27.9246
13.0109 27.9633
13.0108 28.0098
12.9832 27.9323
12.9827 27.9869
12.9835 27.9158
13.0099 28.0554
13.0032 27.8118
13.0101 28.0489
13.0111 27.9967
13.0112 27.9731
12.9894 27.8186
13.011 28.0116
13.0054 28.1336
12.9866 27.8481
13.0111 28.0067
12.9827 28.0093
13.0111 28.0036
12.9859 27.8571
13.0102 27.9075
12.9843 28.075
12.9827 28.0168
13.011 27.9406
13.011 28.02
13.0103 27.9087
12.9879 27.8292
13.004 27.8125
12.9984 27.788
12.9822 27.9672
13.0097 28.0758
12.9879 27.8256
12.9848 27.8675
13.005 27.8165
12.9883 27.8193
12.9929 27.7903
12.9827 27.9192
12.9819 27.9682
12.9928 28.1725
12.9832 28.0667
12.9918 28.17
13.0063 27.8208
13.0121 27.9891
13.0122 27.9833
13.0072 27.8312
12.9952 28.1823
12.9845 28.1006
12.9906 27.7951
13.0122 27.9977
13.0109 27.8967
12.9831 28.0775
12.9836 27.8729
12.9995 27.7774
13.0109 28.0698
13.0054 28.1539
13.0125 27.9949
13.0118 28.0448
12.9821 27.9075
13.0108 27.8835
13.0109 28.0771
13.0043 28.1653
12.9823 27.896
13.012 28.0457
13.0028 28.1759
13.0122 28.0369
13.0124 28.0291
13.0118 28.0572
12.981 27.9524
13.0126 27.9422
12.9866 27.817
12.9922 28.1842
12.9867 27.8147
12.9815 27.9166
12.989 27.7923
13.0112 28.0818
12.9807 28.0099
13.0132 27.975
13.0132 27.9935
12.9825 28.085
13.0032 27.7802
12.9813 27.9103
12.9913 27.7759
13.0133 27.9944
13.0109 27.8667
13.0132 28.0116
12.9932 28.1936
13.0126 27.9172
12.9809 28.0379
13.0133 28.0011
13.0123 28.0593
13.0005 27.7666
12.9999 28.1964
12.9851 27.8257
13.0131 27.9331
12.9818 27.8854
13.0124 27.897
13.0123 28.0659
12.9801 27.964
13.0134 28.0251
12.9979 28.2041
13.0126 28.0627
13.0135 28.0198
13.0123 28.0743
13.0128 28.0599
13.0135 28.0281
12.9937 27.7594
13.0056 27.7875
13.008 27.81
12.9979 28.2056
13.0119 28.0865
13.0049 27.7819
12.9844 27.8264
12.997 27.7543
13.0118 28.0899
12.994 28.2041
12.9937 27.7577
12.9844 27.8248
13.0033 28.1917
12.9851 27.8136
13.014 28.0104
12.9831 28.1181
12.9796 27.9814
12.9976 27.7513
12.9903 27.7681
12.9842 27.8232
12.984 27.825
13.0092 27.8172
12.9843 28.1422
12.9846 28.1458
12.9803 28.0568
13.008 27.8013
12.983 28.1242
12.9802 27.9076
12.9975 27.7473
13.0125 28.0891
13.0144 28.0171
12.9835 28.1361
13.0146 27.9992
13.0091 28.1511
12.9799 27.9103
13.0064 27.7809
13.0087 27.8041
12.984 27.8149
12.9867 27.7847
13.0123 27.8583
13.009 27.8056
12.9828 27.8325
12.9853 28.1633
12.9956 27.7425
12.9882 28.1897
13.0114 27.8398
12.9798 27.902
13.0147 28.0209
13.0132 28.0831
13.0007 28.2153
12.9834 27.8191
12.9861 27.7861
13.0139 27.8948
13.0141 28.0657
13.0152 27.9976
12.9848 27.7966
13.0142 28.0632
13.0132 28.0928
12.9954 27.7367
12.9819 27.8364
13.0153 27.9908
12.9947 27.7372
12.9827 28.1394
12.9884 28.1996
12.9801 28.0869
13.0034 28.2119
13.0152 27.9376
13.0154 27.9556
12.9846 27.7944
13.0059 27.7639
12.9894 27.7535
12.9901 28.2134
12.98 28.0917
12.9822 27.8245
12.9946 28.2292
12.9901 28.2144
12.9819 27.8264
13.0014 27.7364
13.0073 28.1908
12.9964 27.7281
12.9854 27.7786
12.985 27.7825
13.0051 28.2101
12.9817 27.825
13.0147 28.0766
13.0022 28.2264
12.9997 28.2347
13.015 27.8887
12.9781 28.0458
12.9831 28.1625
12.995 27.7238
13.0125 27.8245
12.9841 27.7833
13.0003 28.237
12.9899 28.2247
12.9773 27.946
12.99 27.735
13.0133 27.8356
12.9901 28.2281
12.985 27.7694
12.9769 27.9678
12.9865 28.2067
13.0118 27.8048
13.0165 28.0327
13.0167 28.0252
13.0109 27.7899
13.0167 28.0323
13.016 27.8936
12.9936 28.2447
12.9804 27.8241
13.0171 27.9969
12.9799 27.8306
13.0135 27.8239
13.0172 28.0109
12.9921 27.7162
12.9815 27.8
12.9916 27.7175
12.9956 28.2528
12.9834 28.1869
12.9889 28.2325
12.9839 27.7679
13.0053 27.731
12.9896 27.7236
12.9822 27.7861
13.0003 28.2514
13.0164 28.0731
13.0142 27.829
12.9814 27.795
13.0174 28.0264
13.0177 27.9806
12.9762 27.9397
13.0176 28.015
12.9853 28.2111
12.9807 27.8053
12.993 28.2539
12.9833 27.7681
12.9802 27.8102
12.9764 28.0486
12.992 27.7083
12.9946 28.2592
13.0138 28.1481
12.9766 28.0643
13.015 27.8363
12.9768 28.0711
13.0053 28.2381
12.991 28.2506
12.9851 27.7458
13.0181 27.9708
13.0182 27.9819
12.9764 28.0642
12.9909 28.2524
12.9825 27.7703
12.9766 28.0717
12.9905 28.2518
12.985 27.7446
13.014 27.8104
12.9757 27.9311
12.9828 27.7659
13.0179 28.0389
13.0011 28.2597
12.9835 27.7576
13.0159 28.1136
13.016 27.8489
12.9922 28.2607
13.0186 27.9828
12.995 28.2675
13.0152 27.8231
13.0187 27.9981
12.9782 27.8281
12.9818 28.1933
13.0181 28.0597
12.9779 27.8319
13.0123 27.7715
12.9841 27.7415
13.0187 27.9339
12.9861 27.7244
12.9808 27.7791
13.0172 28.1014
12.9826 27.7523
13.0185 27.8997
12.9794 28.1694
13.0164 28.1289
12.9773 27.8321
12.9813 27.763
13.0162 28.1373
12.9925 28.2748
